desc: I1 cache:         32768 B, 64 B, 8-way associative
desc: D1 cache:         32768 B, 64 B, 8-way associative
desc: LL cache:         3145728 B, 64 B, 12-way associative
cmd: ./bmp_editor 1
events: Ir I1mr ILmr Dr D1mr DLmr Dw D1mw DLmw 
fl=/build/glibc-vjB4T1/glibc-2.28/csu/../csu/init-first.c
fn=_init
52 8 1 1 0 0 0 4 0 0
55 4 1 1 1 1 0 1 1 0
62 5 1 1 4 2 0 0 0 0
67 1 0 0 0 0 0 1 1 1
68 1 0 0 0 0 0 1 0 0
69 2 0 0 1 1 0 1 1 0
81 4 0 0 0 0 0 1 0 0
84 1 0 0 0 0 0 1 0 0
89 6 1 1 5 0 0 0 0 0
fl=/build/glibc-vjB4T1/glibc-2.28/csu/../csu/libc-start.c
fn=(below main)
137 11 1 1 0 0 0 8 0 0
141 4 0 0 1 0 0 1 0 0
237 2 0 0 0 0 0 0 0 0
238 4 0 0 0 0 0 1 0 0
260 4 1 1 2 0 0 0 0 0
263 2 0 0 0 0 0 0 0 0
264 5 0 0 4 0 0 1 0 0
268 4 1 1 2 0 0 0 0 0
283 2 0 0 0 0 0 0 0 0
295 2 0 0 0 0 0 1 0 0
296 2 0 0 0 0 0 0 0 0
301 2 0 0 1 1 0 1 0 0
302 2 0 0 1 1 0 1 0 0
305 2 1 1 0 0 0 1 0 0
308 6 0 0 5 0 0 1 0 0
fl=/build/glibc-vjB4T1/glibc-2.28/csu/../sysdeps/generic/dl-hash.h
fn=_init
43 1 0 0 0 0 0 0 0 0
44 1 0 0 0 0 0 0 0 0
45 18 0 0 3 1 0 0 0 0
48 12 0 0 0 0 0 0 0 0
62 16 0 0 0 0 0 0 0 0
67 1 1 1 0 0 0 0 0 0
fl=/build/glibc-vjB4T1/glibc-2.28/csu/../sysdeps/unix/sysv/linux/x86_64/init-first.c
fn=_init
36 8 1 1 0 0 0 3 0 0
38 4 0 0 0 0 0 1 0 0
40 3 0 0 0 0 0 0 0 0
41 2 1 1 1 0 0 0 0 0
42 1 0 0 0 0 0 1 1 1
44 3 0 0 0 0 0 1 0 0
45 2 0 0 1 0 0 0 0 0
46 1 0 0 0 0 0 1 0 0
fl=/build/glibc-vjB4T1/glibc-2.28/csu/errno-loc.c
fn=__errno_location
26 4 1 1 4 0 0 0 0 0
27 2 1 1 2 0 0 0 0 0
fl=/build/glibc-vjB4T1/glibc-2.28/ctype/../include/ctype.h
fn=__ctype_b_loc
41 374 1 1 374 1 0 0 0 0
42 187 0 0 187 0 0 0 0 0
fl=/build/glibc-vjB4T1/glibc-2.28/ctype/ctype-info.c
fn=__ctype_init
31 7 2 2 5 3 0 1 0 0
33 4 0 0 2 1 0 1 0 0
35 4 0 0 2 1 0 1 0 0
36 1 0 0 1 0 0 0 0 0
fl=/build/glibc-vjB4T1/glibc-2.28/debug/vsnprintf_chk.c
fn=__vsnprintf_chk
31 10 2 2 1 0 0 7 0 0
36 5 0 0 0 0 0 0 0 0
42 1 0 0 0 0 0 1 0 0
47 5 1 1 0 0 0 0 0 0
53 6 0 0 0 0 0 1 0 0
54 2 0 0 0 0 0 1 0 0
55 1 0 0 0 0 0 1 0 0
59 2 0 0 0 0 0 0 0 0
60 1 0 0 1 0 0 0 0 0
62 5 1 1 0 0 0 1 0 0
63 4 0 0 0 0 0 1 0 0
65 3 0 0 1 0 0 0 0 0
66 2 0 0 1 0 0 1 0 0
68 11 1 1 9 0 0 0 0 0
fl=/build/glibc-vjB4T1/glibc-2.28/elf/../elf/dl-runtime.c
fn=_dl_fixup
66 6 1 1 0 0 0 2 0 0
68 2 0 0 2 0 0 0 0 0
69 4 1 1 4 2 0 0 0 0
72 10 0 0 4 4 0 0 0 0
73 14 0 0 4 3 0 2 0 0
75 6 0 0 4 0 0 0 0 0
80 4 1 1 0 0 0 0 0 0
84 4 0 0 2 2 1 0 0 0
86 8 1 1 2 1 0 0 0 0
88 6 0 0 2 2 0 0 0 0
92 4 0 0 4 3 0 0 0 0
93 8 0 0 2 1 0 0 0 0
101 2 0 0 0 0 0 0 0 0
102 6 0 0 2 1 0 0 0 0
112 20 1 1 4 2 0 6 0 0
116 10 0 0 6 0 0 0 0 0
126 18 0 0 6 0 0 0 0 0
133 2 0 0 2 0 0 0 0 0
141 8 0 0 2 0 0 0 0 0
145 6 1 1 2 1 0 0 0 0
149 6 0 0 4 0 0 0 0 0
fl=/build/glibc-vjB4T1/glibc-2.28/elf/../elf/dl-sysdep.c
fn=_dl_sysdep_start
88 8 1 1 0 0 0 6 1 1
89 2 0 0 1 1 1 0 0 0
90 1 0 0 0 0 0 0 0 0
112 1 0 0 0 0 0 1 0 0
113 75 1 1 23 3 3 4 3 3
116 2 0 0 0 0 0 1 0 0
117 1 0 0 0 0 0 1 0 0
119 135 6 6 36 4 4 19 1 1
120 109 0 0 17 3 3 0 0 0
123 1 1 1 1 0 0 0 0 0
124 1 0 0 0 0 0 0 0 0
126 1 0 0 1 0 0 0 0 0
127 1 0 0 0 0 0 0 0 0
129 1 0 0 1 0 0 0 0 0
130 2 0 0 0 0 0 0 0 0
132 1 0 0 1 1 1 0 0 0
133 2 0 0 0 0 0 0 0 0
153 1 1 1 1 0 0 0 0 0
154 2 0 0 0 0 0 0 0 0
156 1 0 0 1 0 0 0 0 0
157 2 0 0 0 0 0 0 0 0
159 2 1 1 1 1 1 1 0 0
160 2 1 1 0 0 0 1 0 0
165 2 0 0 1 0 0 1 0 0
166 2 0 0 0 0 0 1 0 0
181 2 0 0 1 0 0 1 0 0
182 2 0 0 0 0 0 1 0 0
224 1 0 0 0 0 0 1 0 0
235 1 0 0 0 0 0 0 0 0
236 2 1 1 0 0 0 2 0 0
238 5 0 0 0 0 0 1 0 0
250 3 0 0 1 0 0 0 0 0
253 5 1 1 1 0 0 1 0 0
254 1 1 0 1 1 0 0 0 0
255 8 0 0 7 1 0 0 0 0
fn=_dl_sysdep_start_cleanup
260 1 1 1 1 0 0 0 0 0
fl=/build/glibc-vjB4T1/glibc-2.28/elf/../elf/dl-tls.c
fn=_dl_add_to_slotinfo
887 4 1 1 0 0 0 3 0 0
893 1 0 0 1 0 0 0 0 0
896 1 0 0 1 1 0 0 0 0
897 1 0 0 0 0 0 0 0 0
901 5 1 1 2 1 0 0 0 0
942 3 0 0 0 0 0 1 1 0
943 1 0 0 0 0 0 1 0 0
944 4 0 0 4 0 0 0 0 0
fn=_dl_allocate_tls_init
437 8 1 1 0 0 0 7 0 0
438 2 0 0 0 0 0 0 0 0
442 2 0 0 1 1 0 1 0 0
444 2 1 1 0 0 0 0 0 0
445 1 0 0 0 0 0 0 0 0
448 3 0 0 2 1 0 0 0 0
460 1 0 0 1 0 0 0 0 0
465 10 0 0 2 1 0 0 0 0
471 4 1 1 0 0 0 0 0 0
474 3 0 0 1 1 0 0 0 0
475 2 0 0 0 0 0 0 0 0
481 3 1 1 2 0 0 0 0 0
482 2 0 0 0 0 0 0 0 0
484 5 0 0 2 1 0 1 0 0
485 1 1 1 0 0 0 1 0 0
487 2 0 0 0 0 0 0 0 0
488 2 0 0 1 0 0 0 0 0
491 2 0 0 0 0 0 0 0 0
492 4 0 0 2 1 0 0 0 0
494 2 0 0 0 0 0 0 0 0
495 2 0 0 1 0 0 0 0 0
504 1 0 0 0 0 0 1 0 0
507 9 0 0 2 0 0 2 0 0
521 2 0 0 1 0 0 1 0 0
524 9 1 1 8 0 0 0 0 0
fn=_dl_allocate_tls_storage
332 4 1 1 0 0 0 3 0 0
334 1 0 0 1 0 0 0 0 0
345 1 0 0 1 0 0 0 0 0
346 2 0 0 0 0 0 1 0 0
347 3 0 0 0 0 0 0 0 0
355 4 0 0 0 0 0 0 0 0
356 1 1 1 0 0 0 0 0 0
360 297 0 0 0 0 0 289 36 36
379 1 0 0 0 0 0 1 1 1
381 2 0 0 0 0 0 1 0 0
382 2 1 1 0 0 0 0 0 0
385 5 0 0 4 0 0 0 0 0
fn=_dl_count_modids
113 2 1 1 1 0 0 0 0 0
114 2 0 0 2 0 0 0 0 0
fn=_dl_determine_tlsoffset
135 5 1 1 0 0 0 4 0 0
136 2 0 0 0 0 0 0 0 0
137 1 0 0 0 0 0 0 0 0
138 1 0 0 0 0 0 0 0 0
141 3 1 1 1 0 0 0 0 0
144 2 0 0 1 0 0 0 0 0
178 1 0 0 0 0 0 0 0 0
180 10 0 0 2 1 1 0 0 0
182 2 0 0 1 0 0 0 0 0
184 3 0 0 1 0 0 0 0 0
185 2 1 1 1 0 0 0 0 0
187 2 0 0 0 0 0 0 0 0
189 5 1 1 1 0 0 0 0 0
201 5 1 1 0 0 0 0 0 0
205 8 1 1 0 0 0 0 0 0
207 2 0 0 0 0 0 0 0 0
208 2 0 0 0 0 0 0 0 0
217 1 0 0 0 0 0 1 0 0
220 1 0 0 0 0 0 1 0 0
221 1 0 0 0 0 0 1 0 0
272 1 0 0 0 0 0 1 0 0
273 6 0 0 5 0 0 0 0 0
fn=_dl_next_tls_modid
51 4 1 1 2 0 0 0 0 0
99 1 0 0 0 0 0 1 0 0
103 1 0 0 1 0 0 0 0 0
fn=allocate_dtv
278 4 1 1 0 0 0 2 0 0
285 2 1 1 1 0 0 0 0 0
286 3 0 0 0 0 0 1 0 0
287 2 0 0 0 0 0 0 0 0
290 1 0 0 0 0 0 1 1 1
296 3 0 0 0 0 0 1 0 0
302 4 0 0 3 0 0 0 0 0
fl=/build/glibc-vjB4T1/glibc-2.28/elf/../include/scratch_buffer.h
fn=_dl_map_object_deps
77 4 1 1 0 0 0 2 0 0
78 1 0 0 0 0 0 1 1 1
85 5 1 1 2 0 0 0 0 0
131 6 0 0 2 0 0 2 0 0
fl=/build/glibc-vjB4T1/glibc-2.28/elf/../misc/sbrk.c
fn=sbrk
32 4 1 1 0 0 0 2 0 0
40 6 0 0 2 1 1 0 0 0
44 2 0 0 0 0 0 0 0 0
60 5 1 1 3 0 0 0 0 0
fl=/build/glibc-vjB4T1/glibc-2.28/elf/../sysdeps/generic/ldsodefs.h
fn=_dl_relocate_object
109 537 0 0 179 0 0 0 0 0
fn=do_lookup_x
109 504 0 0 168 0 0 0 0 0
fl=/build/glibc-vjB4T1/glibc-2.28/elf/../sysdeps/posix/dl-fileid.h
fn=_dl_map_object_from_fd
37 12 0 0 0 0 0 2 0 0
40 2 0 0 2 0 0 0 0 0
41 4 0 0 2 0 0 2 0 0
49 12 0 0 6 1 1 0 0 0
fl=/build/glibc-vjB4T1/glibc-2.28/elf/../sysdeps/unix/sysv/linux/dl-osinfo.h
fn=dl_main
64 2 0 0 1 0 0 0 0 0
77 1 0 0 1 0 0 0 0 0
fl=/build/glibc-vjB4T1/glibc-2.28/elf/../sysdeps/unix/sysv/linux/dl-sysdep.c
fn=_dl_discover_osversion
46 4 1 1 0 0 0 3 0 0
48 3 1 1 1 0 0 0 0 0
88 5 1 1 0 0 0 1 1 1
103 1 0 0 0 0 0 0 0 0
107 1 0 0 0 0 0 0 0 0
108 1 0 0 0 0 0 0 0 0
110 12 0 0 3 1 1 0 0 0
112 6 1 1 0 0 0 0 0 0
114 16 0 0 4 0 0 0 0 0
116 1 0 0 0 0 0 0 0 0
117 2 0 0 0 0 0 0 0 0
120 3 0 0 0 0 0 0 0 0
121 3 0 0 0 0 0 0 0 0
122 3 0 0 0 0 0 0 0 0
124 13 0 0 0 0 0 0 0 0
129 2 1 1 0 0 0 0 0 0
133 5 1 1 4 0 0 0 0 0
fn=_dl_sysdep_start
36 2 0 0 0 0 0 1 0 0
fl=/build/glibc-vjB4T1/glibc-2.28/elf/../sysdeps/unix/sysv/linux/dl-vdso.c
fn=_dl_vdso_vsym
25 20 1 1 4 1 0 4 0 0
26 8 0 0 8 1 0 0 0 0
30 8 0 0 0 0 0 0 0 0
48 24 1 1 12 0 0 0 0 0
fl=/build/glibc-vjB4T1/glibc-2.28/elf/../sysdeps/unix/sysv/linux/x86_64/brk.c
fn=brk
31 5 2 2 0 0 0 1 0 0
33 2 0 0 0 0 0 0 0 0
39 1 0 0 0 0 0 0 0 0
40 1 0 0 1 0 0 0 0 0
fl=/build/glibc-vjB4T1/glibc-2.28/elf/../sysdeps/x86/cpu-features.c
fn=_dl_sysdep_start
49 2 0 0 0 0 0 0 0 0
50 2 0 0 0 0 0 0 0 0
51 6 0 0 0 0 0 4 0 0
217 1 0 0 0 0 0 1 0 0
218 1 1 1 0 0 0 1 0 0
229 3 0 0 0 0 0 1 0 0
232 6 0 0 0 0 0 0 0 0
236 1 0 0 0 0 0 0 0 0
238 6 2 2 0 0 0 1 0 0
243 6 1 1 4 0 0 0 0 0
245 3 1 1 1 0 0 1 0 0
246 7 1 1 1 1 1 0 0 0
292 2 0 0 1 0 0 0 0 0
314 1 0 0 0 0 0 0 0 0
324 5 0 0 0 0 0 0 0 0
337 2 0 0 0 0 0 1 0 0
338 1 0 0 0 0 0 0 0 0
348 7 0 0 0 0 0 1 0 0
401 3 1 1 1 0 0 0 0 0
402 1 0 0 1 0 0 0 0 0
405 2 0 0 0 0 0 0 0 0
406 1 0 0 1 0 0 0 0 0
412 1 0 0 0 0 0 1 0 0
413 1 0 0 0 0 0 1 0 0
414 1 0 0 0 0 0 1 0 0
417 4 1 1 0 0 0 1 0 0
419 6 0 0 1 0 0 2 0 0
421 6 1 1 1 0 0 2 0 0
423 6 0 0 1 0 0 2 0 0
434 1 0 0 0 0 0 1 0 0
435 2 0 0 1 0 0 0 0 0
439 3 1 1 1 0 0 0 0 0
458 3 1 1 0 0 0 0 0 0
460 4 1 1 1 0 0 0 0 0
461 2 0 0 1 0 0 0 0 0
463 4 0 0 1 0 0 0 0 0
464 2 0 0 0 0 0 0 0 0
467 1 0 0 0 0 0 1 0 0
fn=get_common_indeces.constprop.1
60 2 1 1 0 0 0 1 0 0
64 4 0 0 0 0 0 0 0 0
67 5 0 0 0 0 0 3 0 0
70 1 0 0 0 0 0 1 0 0
71 4 1 1 0 0 0 1 0 0
72 4 0 0 0 0 0 1 0 0
73 4 0 0 0 0 0 1 0 0
74 3 0 0 0 0 0 1 0 0
75 2 1 1 1 0 0 0 0 0
82 2 0 0 1 0 0 0 0 0
83 7 0 0 0 0 0 4 0 0
90 3 1 1 1 0 0 0 0 0
94 2 0 0 0 0 0 0 0 0
96 4 0 0 0 0 0 0 0 0
100 2 1 1 0 0 0 0 0 0
103 3 1 1 1 1 1 0 0 0
114 4 0 0 1 0 0 1 0 0
117 2 0 0 0 0 0 0 0 0
119 3 1 1 0 0 0 1 0 0
124 3 0 0 0 0 0 0 0 0
143 2 0 0 1 0 0 0 0 0
147 4 0 0 0 0 0 0 0 0
148 2 0 0 0 0 0 0 0 0
150 1 0 0 0 0 0 0 0 0
151 1 0 0 0 0 0 0 0 0
154 2 1 1 0 0 0 1 0 0
156 1 0 0 0 0 0 1 0 0
158 3 0 0 0 0 0 0 0 0
161 2 0 0 0 0 0 0 0 0
211 3 0 0 2 0 0 0 0 0
fl=/build/glibc-vjB4T1/glibc-2.28/elf/../sysdeps/x86/dl-hwcap.h
fn=_dl_important_hwcaps
57 6 0 0 0 0 0 2 0 0
fl=/build/glibc-vjB4T1/glibc-2.28/elf/../sysdeps/x86/dl-procinfo.h
fn=_dl_load_cache_lookup
39 2 0 0 0 0 0 0 0 0
42 7 0 0 0 0 0 2 0 0
fl=/build/glibc-vjB4T1/glibc-2.28/elf/../sysdeps/x86_64/dl-machine.h
fn=_dl_fixup
242 2 0 0 0 0 0 2 0 0
fn=_dl_relocate_object
76 16 1 1 4 0 0 0 0 0
82 4 0 0 4 1 0 0 0 0
86 6 0 0 2 2 1 0 0 0
92 2 0 0 0 0 0 2 0 0
100 6 0 0 2 0 0 0 0 0
120 4 0 0 2 0 0 0 0 0
122 4 0 0 0 0 0 2 0 0
124 8 2 2 2 0 0 0 0 0
131 8 1 1 2 1 0 0 0 0
276 392 0 0 0 0 0 0 0 0
297 392 1 1 0 0 0 0 0 0
301 392 0 0 0 0 0 0 0 0
308 7738 10 10 1622 117 100 1240 2 0
309 1636 5 5 727 0 0 0 0 0
312 558 0 0 0 0 0 0 0 0
314 80 0 0 16 0 0 0 0 0
317 32 0 0 0 0 0 0 0 0
318 48 0 0 16 0 0 0 0 0
319 32 1 1 0 0 0 0 0 0
323 16 1 1 0 0 0 16 0 0
330 64 0 0 16 0 0 16 0 0
333 1176 0 0 196 3 3 0 0 0
428 51 1 1 17 0 0 0 0 0
432 68 0 0 17 1 0 0 0 0
437 51 0 0 34 2 2 0 0 0
446 51 0 0 17 0 0 17 8 8
456 534 1 1 356 23 21 178 22 17
457 178 0 0 0 0 0 0 0 0
479 12 0 0 0 0 0 4 0 0
489 9 0 0 0 0 0 3 0 0
495 3 1 1 1 0 0 0 0 0
499 6 1 1 4 0 0 1 0 0
501 3 0 0 2 0 0 0 0 0
502 1 0 0 0 0 0 0 0 0
533 4548 0 0 1516 189 189 0 0 0
538 3032 1 1 0 0 0 0 0 0
539 4548 0 0 1516 190 190 1516 289 287
549 96 0 0 48 0 0 0 0 0
553 16 0 0 0 0 0 0 0 0
556 24 0 0 8 1 0 0 0 0
557 8 0 0 8 5 4 0 0 0
561 24 1 1 20 2 0 0 0 0
574 80 0 0 80 0 0 0 0 0
575 120 0 0 40 0 0 0 0 0
576 40 0 0 0 0 0 40 0 0
577 40 0 0 0 0 0 40 2 2
fn=_dl_start
59 3 1 1 1 1 1 0 0 0
273 9 0 0 0 0 0 0 0 0
301 18 0 0 0 0 0 0 0 0
309 90 0 0 36 7 7 0 0 0
312 18 0 0 0 0 0 0 0 0
333 55 0 0 9 1 1 0 0 0
352 18 1 1 9 2 2 9 2 2
353 9 0 0 0 0 0 0 0 0
420 1 0 0 0 0 0 0 0 0
538 80 0 0 40 5 5 0 0 0
539 120 1 1 40 5 5 40 22 22
fl=/build/glibc-vjB4T1/glibc-2.28/elf/../sysdeps/x86_64/dl-trampoline.h
fn=_dl_runtime_resolve_xsave
72 2 1 1 0 0 0 2 0 0
75 2 0 0 0 0 0 0 0 0
77 2 0 0 0 0 0 0 0 0
87 2 0 0 2 1 0 0 0 0
93 2 1 1 0 0 0 2 2 0
94 2 0 0 0 0 0 2 0 0
95 2 0 0 0 0 0 2 0 0
96 2 0 0 0 0 0 2 0 0
97 2 0 0 0 0 0 2 0 0
98 2 0 0 0 0 0 2 0 0
99 2 0 0 0 0 0 2 0 0
103 2 0 0 0 0 0 0 0 0
104 2 0 0 0 0 0 0 0 0
107 2 0 0 0 0 0 2 1 0
108 2 0 0 0 0 0 2 0 0
110 2 0 0 0 0 0 2 0 0
111 2 1 1 0 0 0 2 0 0
112 2 0 0 0 0 0 2 0 0
113 2 0 0 0 0 0 2 0 0
114 2 0 0 0 0 0 2 0 0
115 2 0 0 0 0 0 2 0 0
117 2 0 0 2 0 0 66 13 3
124 2 0 0 2 0 0 0 0 0
125 2 0 0 2 0 0 0 0 0
126 2 0 0 0 0 0 2 2 0
127 2 0 0 0 0 0 0 0 0
132 2 1 1 0 0 0 0 0 0
133 2 0 0 0 0 0 0 0 0
134 2 0 0 72 0 0 0 0 0
136 2 0 0 2 0 0 0 0 0
137 2 0 0 2 0 0 0 0 0
138 2 0 0 2 0 0 0 0 0
139 2 0 0 2 0 0 0 0 0
140 2 0 0 2 0 0 0 0 0
141 2 0 0 2 0 0 0 0 0
142 2 0 0 2 0 0 0 0 0
144 2 0 0 0 0 0 0 0 0
146 2 0 0 2 0 0 0 0 0
150 2 0 0 0 0 0 0 0 0
153 2 0 0 0 0 0 0 0 0
fl=/build/glibc-vjB4T1/glibc-2.28/elf/./dl-load.h
fn=_dl_map_object_from_fd
90 16 0 0 8 0 0 0 0 0
91 6 0 0 4 0 0 2 0 0
93 16 1 1 8 1 1 0 0 0
94 5 1 1 3 0 0 0 0 0
95 6 1 1 2 0 0 0 0 0
96 4 0 0 1 0 0 0 0 0
98 4 0 0 0 0 0 1 0 0
fl=/build/glibc-vjB4T1/glibc-2.28/elf/./dl-map-segments.h
fn=_dl_map_object_from_fd
50 6 0 0 2 0 0 2 0 0
56 14 0 0 6 0 0 6 1 1
60 8 1 1 4 0 0 0 0 0
63 6 0 0 2 0 0 2 0 0
64 4 0 0 0 0 0 2 0 0
66 4 0 0 0 0 0 0 0 0
73 13 0 0 4 0 0 2 0 0
80 4 1 1 2 0 0 0 0 0
90 42 1 1 1 0 0 0 0 0
92 36 1 1 18 0 0 6 0 0
94 72 1 1 30 0 0 12 0 0
104 32 0 0 16 0 0 0 0 0
110 4 0 0 2 0 0 0 0 0
111 2 0 0 0 0 0 0 0 0
112 6 0 0 2 0 0 0 0 0
113 4 0 0 0 0 0 0 0 0
115 4 0 0 0 0 0 0 0 0
120 4 0 0 0 0 0 0 0 0
123 4 1 1 2 0 0 0 0 0
131 16 1 1 0 0 0 8 0 0
132 8 0 0 6 0 0 0 0 0
137 4 0 0 0 0 0 0 0 0
141 9 1 1 1 0 0 2 0 0
144 3 0 0 1 0 0 0 0 0
149 8 1 1 0 0 0 0 0 0
fl=/build/glibc-vjB4T1/glibc-2.28/elf/dl-addr.c
fn=_dl_addr
30 2 0 0 1 0 0 1 0 0
31 2 0 0 1 0 0 1 0 0
34 2 0 0 1 0 0 0 0 0
38 1 0 0 1 0 0 0 0 0
39 1 0 0 1 0 0 0 0 0
40 3 0 0 2 0 0 1 0 0
42 3 1 1 2 0 0 1 0 0
44 1015 0 0 0 0 0 0 0 0
45 3 0 0 1 1 0 0 0 0
49 3037 0 0 2 0 0 0 0 0
51 1011 1 1 1011 60 4 0 0 0
52 2022 0 0 0 0 0 0 0 0
54 3680 0 0 920 0 0 0 0 0
60 11725 1 1 2345 523 437 0 0 0
62 7006 0 0 0 0 0 0 0 0
63 9264 0 0 2316 0 0 0 0 0
64 16621 2 2 5258 347 288 0 0 0
69 2345 0 0 0 0 0 0 0 0
71 8460 0 0 2345 142 46 0 0 0
101 2 0 0 0 0 0 0 0 0
102 1 0 0 0 0 0 1 1 0
103 3 0 0 1 1 0 0 0 0
106 2 0 0 0 0 0 0 0 0
118 1 0 0 0 0 0 1 1 0
119 2 1 1 0 0 0 1 0 0
127 11 1 1 0 0 0 7 0 0
129 1 0 0 0 0 0 0 0 0
132 3 0 0 2 1 0 1 0 0
134 2 0 0 0 0 0 1 0 0
136 3 1 1 0 0 0 0 0 0
139 1 0 0 0 0 0 0 0 0
142 2 1 1 1 1 0 1 0 0
145 9 1 1 7 0 0 0 0 0
fl=/build/glibc-vjB4T1/glibc-2.28/elf/dl-cache.c
fn=_dl_cache_libcmp
142 142 1 1 54 9 9 0 0 0
144 172 1 1 0 0 0 0 0 0
146 2 0 0 0 0 0 0 0 0
152 3 0 0 0 0 0 0 0 0
153 3 1 1 0 0 0 0 0 0
154 4 0 0 1 0 0 0 0 0
156 4 0 0 1 0 0 0 0 0
158 2 0 0 0 0 0 0 0 0
164 84 0 0 0 0 0 0 0 0
166 84 0 0 0 0 0 0 0 0
167 16 0 0 8 0 0 0 0 0
170 34 0 0 0 0 0 0 0 0
171 68 0 0 34 1 1 0 0 0
174 3 0 0 1 0 0 0 0 0
fn=_dl_load_cache_lookup
187 9 2 2 0 0 0 6 0 0
195 2 0 0 1 0 0 0 0 0
198 3 0 0 1 0 0 0 0 0
201 5 1 1 0 0 0 1 1 1
209 5 1 1 1 0 0 0 0 0
210 7 1 1 3 1 1 0 0 0
214 1 1 1 0 0 0 1 0 0
217 4 0 0 1 0 0 0 0 0
220 2 0 0 0 0 0 1 0 0
221 3 0 0 0 0 0 0 0 0
222 8 1 1 3 1 1 0 0 0
249 4 1 1 1 0 0 0 0 0
258 3 0 0 0 0 0 1 0 0
260 1 0 0 1 0 0 0 0 0
262 1 0 0 0 0 0 0 0 0
264 6 2 2 1 0 0 2 0 0
272 7 0 0 3 0 0 2 0 0
273 2 0 0 0 0 0 0 0 0
287 197 7 7 33 9 9 16 0 0
303 2 0 0 1 0 0 0 0 0
307 2 0 0 1 0 0 0 0 0
315 9 1 1 1 0 0 1 0 0
316 3 0 0 0 0 0 1 0 0
317 2 0 0 0 0 0 1 0 0
318 8 0 0 7 0 0 0 0 0
fn=_dl_unload_cache
327 1 0 0 0 0 0 0 0 0
328 4 2 2 1 1 0 0 0 0
330 2 0 0 1 0 0 1 0 0
331 1 0 0 0 0 0 1 0 0
333 2 0 0 1 0 0 0 0 0
fl=/build/glibc-vjB4T1/glibc-2.28/elf/dl-debug.c
fn=_dl_debug_initialize
49 8 1 1 0 0 0 0 0 0
50 4 1 1 4 0 0 0 0 0
54 14 0 0 4 2 1 0 0 0
57 1 0 0 0 0 0 1 0 0
58 6 1 1 3 0 0 1 0 0
59 5 0 0 1 0 0 1 0 0
60 2 0 0 0 0 0 1 0 0
64 1 0 0 1 0 0 0 0 0
fn=_dl_debug_state
74 2 2 1 2 0 0 0 0 0
fl=/build/glibc-vjB4T1/glibc-2.28/elf/dl-deps.c
fn=_dl_map_object_deps
144 4 0 0 0 0 0 2 0 0
145 2 0 0 0 0 0 2 2 2
146 7 0 0 0 0 0 2 0 0
148 3 0 0 0 0 0 1 0 0
152 9 1 1 2 0 0 3 0 0
159 11 2 2 0 0 0 9 2 2
160 9 0 0 0 0 0 0 0 0
176 10 1 1 1 0 0 1 0 0
177 1 1 1 1 0 0 0 0 0
180 2 0 0 1 0 0 1 0 0
198 2 0 0 1 0 0 1 0 0
199 2 0 0 0 0 0 0 0 0
200 2 0 0 0 0 0 2 0 0
206 4 0 0 0 0 0 4 0 0
209 8 0 0 4 0 0 4 0 0
213 12 1 1 4 0 0 0 0 0
214 25 2 2 11 0 0 0 0 0
217 6 0 0 0 0 0 0 0 0
221 4 1 1 2 0 0 0 0 0
224 16 0 0 8 0 0 0 0 0
226 6 1 1 4 0 0 2 0 0
231 2 1 1 0 0 0 2 0 0
232 2 0 0 0 0 0 2 1 1
233 4 0 0 2 0 0 2 0 0
234 4 0 0 2 0 0 2 0 0
237 216 0 0 57 0 0 2 0 0
238 102 1 1 0 0 0 0 0 0
244 18 1 1 4 0 0 2 0 0
246 2 1 1 0 0 0 2 0 0
248 8 1 1 4 0 0 2 0 0
249 4 0 0 2 0 0 0 0 0
258 2 0 0 2 0 0 0 0 0
260 4 0 0 2 0 0 0 0 0
265 6 0 0 0 0 0 0 0 0
268 2 1 1 0 0 0 2 0 0
269 2 0 0 0 0 0 2 0 0
270 2 0 0 0 0 0 2 0 0
271 4 0 0 2 0 0 2 0 0
273 2 0 0 2 0 0 0 0 0
275 10 0 0 2 0 0 4 0 0
279 4 0 0 0 0 0 0 0 0
280 4 0 0 1 0 0 2 0 0
282 147 1 1 0 0 0 0 0 0
287 1 0 0 0 0 0 1 0 0
303 8 1 1 0 0 0 3 0 0
380 6 1 1 0 0 0 3 0 0
433 8 1 1 0 0 0 0 0 0
435 6 0 0 2 0 0 2 0 0
438 8 0 0 0 0 0 2 0 0
439 4 0 0 0 0 0 0 0 0
445 2 0 0 0 0 0 2 0 0
446 10 0 0 0 0 0 2 0 0
447 12 0 0 2 0 0 2 0 0
450 2 0 0 0 0 0 2 0 0
451 2 0 0 2 0 0 0 0 0
455 25 1 1 14 0 0 0 0 0
457 4 1 1 4 0 0 0 0 0
458 18 0 0 4 0 0 0 0 0
464 6 0 0 2 0 0 0 0 0
465 2 0 0 0 0 0 1 0 0
468 5 1 1 2 0 0 1 0 0
479 5 1 1 1 0 0 2 0 0
481 2 0 0 0 0 0 0 0 0
486 6 0 0 3 0 0 1 0 0
487 1 1 1 0 0 0 1 0 0
489 15 0 0 5 0 0 0 0 0
491 12 0 0 4 0 0 0 0 0
495 16 0 0 4 0 0 4 1 1
499 4 0 0 4 0 0 0 0 0
502 2 1 1 1 0 0 0 0 0
553 3 0 0 2 0 0 0 0 0
554 2 1 1 0 0 0 0 0 0
555 4 0 0 2 0 0 0 0 0
590 6 2 2 1 0 0 1 0 0
594 5 0 0 0 0 0 1 0 0
597 1 0 0 0 0 0 1 0 0
599 2 0 0 1 0 0 1 0 0
600 1 1 1 1 0 0 0 0 0
601 2 0 0 0 0 0 0 0 0
608 3 0 0 1 0 0 0 0 0
611 2 0 0 0 0 0 0 0 0
614 8 0 0 7 0 0 0 0 0
fn=openaux
61 4 1 1 0 0 0 2 0 0
64 20 0 0 8 0 0 4 0 0
65 4 0 0 2 0 0 0 0 0
68 2 0 0 2 0 0 0 0 0
69 4 0 0 4 0 0 0 0 0
fl=/build/glibc-vjB4T1/glibc-2.28/elf/dl-environ.c
fn=_dl_next_ld_env_entry
29 3 1 1 3 0 0 0 0 0
32 67 0 0 22 0 0 0 0 0
34 42 0 0 21 0 0 0 0 0
35 14 0 0 7 0 0 0 0 0
37 2 0 0 0 0 0 0 0 0
40 4 1 1 0 0 0 2 0 0
42 2 0 0 2 0 0 0 0 0
45 19 0 0 0 0 0 0 0 0
49 1 0 0 1 0 0 0 0 0
fl=/build/glibc-vjB4T1/glibc-2.28/elf/dl-error-skeleton.c
fn=_dl_catch_error
213 7 1 1 0 0 0 3 0 0
215 4 1 1 0 0 0 1 0 0
216 2 0 0 1 0 0 1 0 0
217 2 0 0 1 0 0 1 0 0
218 2 0 0 1 0 0 1 0 0
220 5 0 0 4 0 0 0 0 0
fn=_dl_catch_exception
175 12 1 1 0 0 0 9 0 0
187 6 0 0 0 0 0 6 3 3
188 6 0 0 0 0 0 3 0 0
190 6 0 0 3 0 0 3 0 0
191 6 1 1 0 0 0 3 0 0
194 18 0 0 0 0 0 3 1 1
196 9 0 0 6 0 0 3 0 0
197 6 0 0 3 0 0 3 0 0
198 12 0 0 3 0 0 6 0 0
207 12 0 0 6 0 0 0 0 0
fn=_dl_receive_error
226 3 1 1 0 0 0 2 0 0
227 1 0 0 1 0 0 0 0 0
228 1 0 0 1 0 0 0 0 0
231 1 0 0 0 0 0 1 0 0
232 1 0 0 0 0 0 1 0 0
234 2 0 0 0 0 0 1 0 0
236 1 0 0 0 0 0 1 0 0
237 1 0 0 0 0 0 1 0 0
238 4 0 0 3 0 0 0 0 0
fl=/build/glibc-vjB4T1/glibc-2.28/elf/dl-hwcaps.c
fn=_dl_important_hwcaps
42 13 2 2 0 0 0 10 1 1
43 8 0 0 1 0 0 3 1 1
45 2 1 1 1 0 0 1 0 0
46 3 0 0 0 0 0 0 0 0
55 18 1 1 0 0 0 0 0 0
56 7 0 0 2 0 0 2 0 0
57 2 0 0 0 0 0 0 0 0
65 3 0 0 1 0 0 0 0 0
148 8 1 1 0 0 0 0 0 0
149 1 0 0 0 0 0 0 0 0
185 11 1 1 1 0 0 0 0 0
186 10 1 1 2 0 0 2 1 1
188 1 0 0 0 0 0 1 0 0
189 2 0 0 0 0 0 2 0 0
190 15 2 2 1 0 0 1 0 0
193 3 1 1 1 0 0 0 0 0
195 1 0 0 0 0 0 1 0 0
196 2 0 0 1 0 0 1 0 0
197 4 0 0 0 0 0 0 0 0
200 2 0 0 0 0 0 1 0 0
201 1 0 0 0 0 0 1 0 0
204 2 0 0 0 0 0 0 0 0
207 4 1 1 1 0 0 1 0 0
211 8 0 0 2 0 0 2 0 0
212 2 0 0 0 0 0 0 0 0
214 1 0 0 0 0 0 0 0 0
215 5 0 0 0 0 0 0 0 0
216 3 1 1 1 0 0 0 0 0
217 2 0 0 0 0 0 0 0 0
221 1 1 1 0 0 0 0 0 0
224 3 0 0 0 0 0 0 0 0
230 11 1 1 1 0 0 5 0 0
231 5 0 0 0 0 0 1 0 0
232 5 1 1 2 0 0 0 0 0
263 12 1 1 1 0 0 4 1 1
266 4 0 0 0 0 0 2 0 0
273 2 0 0 2 0 0 0 0 0
276 2 0 0 0 0 0 0 0 0
279 10 1 1 4 0 0 4 0 0
282 11 1 1 1 0 0 0 0 0
283 20 0 0 0 0 0 3 0 0
284 7 1 1 2 0 0 2 0 0
287 10 0 0 4 0 0 4 0 0
289 6 0 0 2 0 0 0 0 0
294 26 0 0 2 0 0 0 0 0
295 24 0 0 0 0 0 8 0 0
299 15 1 1 0 0 0 0 0 0
302 39 0 0 0 0 0 0 0 0
303 96 1 1 0 0 0 0 0 0
304 48 0 0 24 0 0 12 0 0
306 6 0 0 0 0 0 0 0 0
309 3 0 0 1 0 0 0 0 0
310 2 0 0 0 0 0 0 0 0
311 14 0 0 1 0 0 0 0 0
313 6 1 1 0 0 0 0 0 0
314 2 0 0 2 0 0 0 0 0
316 1 0 0 1 0 0 0 0 0
317 4 0 0 0 0 0 2 0 0
324 19 1 1 6 0 0 4 0 0
325 4 0 0 0 0 0 0 0 0
327 8 0 0 0 0 0 0 0 0
330 3 0 0 2 0 0 1 0 0
333 9 0 0 7 0 0 0 0 0
fl=/build/glibc-vjB4T1/glibc-2.28/elf/dl-init.c
fn=_dl_init
30 20 1 1 5 0 0 1 0 0
79 11 1 1 0 0 0 6 0 0
80 1 0 0 1 1 0 0 0 0
81 1 0 0 1 0 0 0 0 0
84 3 0 0 1 0 0 0 0 0
87 2 0 0 0 0 0 1 0 0
92 2 0 0 0 0 0 0 0 0
117 1 1 1 1 0 0 0 0 0
118 18 0 0 0 0 0 3 0 0
119 12 0 0 8 2 0 0 0 0
125 8 1 1 7 0 0 0 0 0
fn=call_init.part.0
28 24 0 0 0 0 0 15 0 0
36 12 1 1 4 0 0 4 0 0
39 16 1 1 8 2 0 0 0 0
40 3 1 1 1 0 0 0 0 0
44 12 0 0 3 2 0 0 0 0
45 3 0 0 1 0 0 0 0 0
49 4 0 0 2 0 0 0 0 0
58 14 1 1 6 4 0 2 0 0
62 4 0 0 0 0 0 0 0 0
68 6 0 0 4 1 0 0 0 0
70 4 0 0 4 0 0 0 0 0
71 16 1 1 0 0 0 0 0 0
72 15 0 0 3 1 0 3 0 0
74 18 0 0 18 0 0 0 0 0
fl=/build/glibc-vjB4T1/glibc-2.28/elf/dl-load.c
fn=_dl_dst_count
231 20 1 1 0 0 0 20 1 1
234 8 1 1 0 0 0 4 1 1
237 8 0 0 0 0 0 0 0 0
238 4 0 0 0 0 0 0 0 0
257 28 0 0 24 0 0 0 0 0
fn=_dl_init_paths
681 7 2 2 0 0 0 5 0 0
694 6 0 0 2 0 0 2 0 0
698 1 0 0 0 0 0 1 0 0
699 2 0 0 0 0 0 1 0 0
700 2 0 0 0 0 0 0 0 0
707 4 1 1 0 0 0 0 0 0
708 3 0 0 1 0 0 0 0 0
711 5 0 0 0 0 0 2 0 0
713 2 0 0 0 0 0 0 0 0
719 1 0 0 0 0 0 1 0 0
720 1 0 0 0 0 0 1 0 0
728 11 1 1 0 0 0 3 0 0
730 5 0 0 0 0 0 4 1 1
731 4 0 0 0 0 0 4 0 0
733 5 0 0 0 0 0 4 0 0
734 7 1 1 3 1 1 4 2 2
735 10 0 0 0 0 0 0 0 0
738 6 0 0 3 1 1 0 0 0
739 112 0 0 0 0 0 0 0 0
740 32 0 0 0 0 0 32 2 2
742 19 1 1 0 0 0 4 0 0
748 1 1 1 0 0 0 1 0 0
749 1 0 0 0 0 0 1 0 0
753 1 0 0 1 0 0 0 0 0
754 2 0 0 0 0 0 0 0 0
756 4 0 0 1 0 0 0 0 0
758 3 0 0 1 0 0 0 0 0
775 2 0 0 0 0 0 1 0 0
777 3 1 1 1 0 0 0 0 0
791 2 1 1 0 0 0 1 0 0
796 4 1 1 1 0 0 0 0 0
798 11 2 2 0 0 0 2 0 0
802 2 0 0 0 0 0 0 0 0
803 61 1 1 15 0 0 0 0 0
804 56 0 0 0 0 0 0 0 0
807 1 0 0 0 0 0 1 0 0
808 1 0 0 0 0 0 1 0 0
809 2 0 0 0 0 0 0 0 0
815 7 0 0 0 0 0 1 0 0
818 3 0 0 2 0 0 0 0 0
824 1 0 0 0 0 0 1 0 0
828 7 0 0 6 0 0 0 0 0
fn=_dl_map_object
659 9 3 3 3 0 0 0 0 0
2157 27 1 1 0 0 0 24 5 5
2159 2 0 0 0 0 0 2 0 0
2165 6 0 0 0 0 0 0 0 0
2166 12 0 0 3 1 1 0 0 0
2169 42 1 1 9 0 0 0 0 0
2174 49 0 0 7 0 0 0 0 0
2176 35 1 1 0 0 0 7 0 0
2180 12 0 0 6 0 0 0 0 0
2181 18 0 0 6 0 0 0 0 0
2184 2 0 0 2 0 0 0 0 0
2185 4 0 0 4 0 0 0 0 0
2186 8 0 0 0 0 0 2 0 0
2202 12 2 2 2 0 0 2 0 0
2212 6 0 0 2 0 0 0 0 0
2246 2 0 0 0 0 0 2 2 2
2248 10 0 0 0 0 0 2 0 0
2252 4 1 1 0 0 0 2 0 0
2254 2 1 1 1 0 0 0 0 0
2261 4 0 0 1 0 0 0 0 0
2265 5 2 2 1 0 0 2 0 0
2266 2 0 0 0 0 0 1 0 0
2270 3 0 0 1 0 0 0 0 0
2271 4 1 1 2 0 0 0 0 0
2273 7 0 0 0 0 0 3 0 0
2285 2 0 0 0 0 0 0 0 0
2286 8 0 0 3 0 0 1 0 0
2287 1 0 0 0 0 0 0 0 0
2296 2 1 1 1 0 0 0 0 0
2297 15 1 1 1 0 0 4 0 0
2303 5 0 0 0 0 0 0 0 0
2304 1 0 0 0 0 0 0 0 0
2312 1 1 1 0 0 0 1 0 0
2326 2 0 0 0 0 0 0 0 0
2328 3 1 1 1 0 0 0 0 0
2332 3 0 0 0 0 0 1 0 0
2334 2 0 0 0 0 0 0 0 0
2338 2 0 0 0 0 0 0 0 0
2346 3 0 0 1 0 0 0 0 0
2369 11 1 1 0 0 0 3 0 0
2373 5 0 0 2 0 0 0 0 0
2374 2 0 0 0 0 0 1 0 0
2391 2 1 1 1 0 0 0 0 0
2397 1 0 0 0 0 0 1 1 1
2398 3 1 1 0 0 0 1 0 0
2399 2 0 0 0 0 0 0 0 0
2400 3 0 0 0 0 0 0 0 0
2404 10 0 0 0 0 0 2 0 0
2407 4 1 1 2 0 0 0 0 0
2419 8 0 0 2 0 0 0 0 0
2421 4 0 0 0 0 0 0 0 0
2465 4 0 0 2 0 0 2 0 0
2466 30 1 1 6 0 0 10 0 0
2468 27 0 0 21 0 0 0 0 0
fn=_dl_map_object_from_fd
866 30 2 2 0 0 0 22 2 2
876 8 0 0 2 0 0 4 1 1
877 2 0 0 0 0 0 2 0 0
892 31 1 1 11 0 0 0 0 0
893 10 1 1 5 0 0 0 0 0
910 4 1 1 2 0 0 0 0 0
934 8 0 0 2 0 0 2 0 0
944 4 1 1 2 0 0 0 0 0
966 8 0 0 4 0 0 0 0 0
998 4 0 0 0 0 0 0 0 0
1001 16 1 1 10 0 0 2 0 0
1002 4 0 0 0 0 0 0 0 0
1013 6 0 0 4 0 0 2 1 1
1014 8 0 0 4 0 0 4 0 0
1015 4 0 0 2 0 0 2 0 0
1017 6 1 1 0 0 0 0 0 0
1018 8 0 0 4 0 0 0 0 0
1019 2 0 0 0 0 0 0 0 0
1034 2 0 0 0 0 0 2 0 0
1036 2 0 0 0 0 0 2 0 0
1038 14 1 1 0 0 0 2 0 0
1039 2 0 0 0 0 0 0 0 0
1040 2 0 0 0 0 0 0 0 0
1046 155 0 0 21 0 0 0 0 0
1047 149 1 1 21 2 2 0 0 0
1053 4 0 0 2 0 0 0 0 0
1058 4 0 0 2 0 0 2 0 0
1059 8 1 1 2 0 0 2 0 0
1064 2 0 0 1 0 0 1 0 0
1065 1 0 0 0 0 0 0 0 0
1070 40 1 1 16 0 0 0 0 0
1075 56 1 1 16 0 0 0 0 0
1083 24 0 0 0 0 0 0 0 0
1084 48 0 0 0 0 0 8 2 2
1085 40 1 1 8 0 0 8 0 0
1086 8 0 0 0 0 0 8 2 2
1087 16 0 0 8 0 0 8 0 0
1088 16 0 0 0 0 0 8 2 2
1092 16 0 0 0 0 0 0 0 0
1093 24 0 0 12 0 0 0 0 0
1097 16 0 0 0 0 0 0 0 0
1098 56 1 1 8 0 0 8 0 0
1108 8 0 0 0 0 0 0 0 0
1111 3 0 0 1 1 1 0 0 0
1115 1 0 0 0 0 0 1 1 1
1116 2 1 1 1 0 0 1 0 0
1117 3 0 0 1 0 0 0 0 0
1120 3 0 0 0 0 0 1 1 1
1121 2 0 0 1 0 0 1 0 0
1124 1 0 0 0 0 0 1 0 0
1128 5 0 0 1 0 0 1 0 0
1134 2 0 0 0 0 0 2 1 1
1135 2 0 0 1 0 0 0 0 0
1143 12 1 1 2 0 0 4 0 0
1150 4 1 1 2 0 0 2 0 0
1151 6 0 0 2 0 0 0 0 0
1154 4 1 1 2 0 0 2 1 1
1155 4 0 0 2 0 0 2 0 0
1156 2 0 0 0 0 0 0 0 0
1167 4 0 0 0 0 0 0 0 0
1176 4 1 1 0 0 0 0 0 0
1186 18 1 1 6 0 0 4 0 0
1198 8 1 1 4 0 0 0 0 0
1207 6 0 0 2 0 0 2 0 0
1214 4 0 0 0 0 0 0 0 0
1229 6 0 0 2 0 0 0 0 0
1248 4 0 0 2 0 0 2 0 0
1250 10 1 1 4 0 0 0 0 0
1298 6 0 0 2 1 1 0 0 0
1299 2 0 0 1 0 0 1 0 0
1302 8 0 0 2 0 0 2 0 0
1311 4 1 1 2 0 0 0 0 0
1313 8 0 0 4 0 0 2 0 0
1315 4 0 0 2 0 0 0 0 0
1331 4 0 0 0 0 0 2 0 0
1335 4 0 0 2 0 0 0 0 0
1336 4 1 1 2 0 0 0 0 0
1353 4 0 0 2 0 0 0 0 0
1354 1 0 0 0 0 0 1 0 0
1357 6 0 0 2 0 0 4 0 0
1362 4 0 0 2 0 0 0 0 0
1372 4 1 1 2 0 0 0 0 0
1382 6 0 0 2 0 0 2 0 0
1386 6 0 0 2 0 0 0 0 0
1406 18 0 0 14 0 0 0 0 0
fn=expand_dynamic_string_token
378 14 1 1 0 0 0 8 0 0
388 4 0 0 0 0 0 2 0 0
391 4 0 0 0 0 0 0 0 0
392 4 0 0 0 0 0 0 0 0
403 10 0 0 8 0 0 0 0 0
fn=fillin_rpath
447 16 2 2 0 0 0 12 0 0
449 1 0 0 0 0 0 0 0 0
451 12 1 1 4 0 0 2 0 0
458 2 0 0 1 0 0 0 0 0
460 4 0 0 1 0 0 1 0 0
464 2 0 0 0 0 0 0 0 0
469 2 0 0 0 0 0 1 0 0
470 2 0 0 0 0 0 0 0 0
477 8 2 2 1 0 0 0 0 0
482 4 1 1 0 0 0 2 0 0
486 17 1 1 5 0 0 0 0 0
487 8 0 0 4 0 0 0 0 0
505 4 1 1 1 0 0 1 0 0
509 8 1 1 2 0 0 3 0 0
511 3 0 0 1 0 0 0 0 0
515 2 0 0 0 0 0 2 0 0
516 1 0 0 0 0 0 0 0 0
517 4 1 1 0 0 0 2 0 0
518 2 0 0 1 0 0 1 0 0
520 2 0 0 1 0 0 0 0 0
526 4 0 0 1 0 0 0 0 0
527 28 0 0 0 0 0 0 0 0
528 8 1 1 0 0 0 8 0 0
530 2 0 0 1 0 0 1 0 0
531 2 0 0 1 0 0 0 0 0
536 2 1 1 0 0 0 1 0 0
538 1 0 0 0 0 0 1 0 0
539 1 0 0 0 0 0 1 0 0
542 3 0 0 0 0 0 1 0 0
544 3 1 1 1 0 0 1 0 0
548 1 0 0 0 0 0 1 0 0
551 9 0 0 7 0 0 0 0 0
fn=open_path
1432 3 0 0 1 0 0 0 0 0
2009 8 2 2 0 0 0 6 1 1
2010 2 0 0 1 0 0 1 1 1
2013 1 1 1 0 0 0 1 0 0
2014 1 0 0 0 0 0 1 0 0
2016 2 0 0 0 0 0 0 0 0
2021 15 1 1 3 0 0 6 1 1
2028 1 0 0 0 0 0 0 0 0
2033 6 0 0 1 0 0 1 0 0
2040 5 1 1 2 0 0 1 1 1
2041 35 0 0 0 0 0 0 0 0
2044 16 1 1 8 0 0 0 0 0
2048 88 0 0 40 0 0 16 0 0
2051 16 1 1 0 0 0 8 0 0
2054 24 0 0 8 0 0 0 0 0
2057 80 0 0 40 0 0 16 1 1
2059 40 1 1 24 0 0 0 0 0
2061 16 0 0 0 0 0 0 0 0
2066 16 1 1 8 0 0 0 0 0
2067 64 1 1 32 0 0 0 0 0
2073 40 1 1 16 0 0 8 0 0
2075 48 0 0 8 0 0 8 0 0
2076 2 0 0 1 1 1 0 0 0
2078 23 1 1 0 0 0 8 0 0
2087 13 0 0 10 0 0 1 0 0
2095 2 0 0 0 0 0 1 0 0
2123 2 0 0 0 0 0 0 0 0
2126 7 2 2 1 0 0 0 0 0
2131 1 0 0 1 0 0 0 0 0
2133 5 0 0 3 0 0 0 0 0
2136 3 0 0 1 0 0 0 0 0
2150 9 1 1 7 0 0 0 0 0
fn=open_verify.constprop.12
1658 140 1 1 10 0 0 80 1 1
1697 30 1 1 10 0 0 0 0 0
1710 8 0 0 0 0 0 0 0 0
1728 50 0 0 10 0 0 10 0 0
1730 20 0 0 0 0 0 0 0 0
1735 8 1 1 0 0 0 0 0 0
1741 2 0 0 0 0 0 2 0 0
1742 6 0 0 0 0 0 2 0 0
1743 2 0 0 0 0 0 2 0 0
1747 14 1 1 2 0 0 2 0 0
1749 4 0 0 0 0 0 0 0 0
1751 4 0 0 2 0 0 2 0 0
1753 4 0 0 0 0 0 0 0 0
1759 4 1 1 0 0 0 0 0 0
1775 34 3 3 19 1 1 0 0 0
1849 4 0 0 2 0 0 0 0 0
1854 4 0 0 2 0 0 0 0 0
1856 8 0 0 2 0 0 0 0 0
1862 4 0 0 0 0 0 0 0 0
1873 4 0 0 2 2 2 0 0 0
1879 8 1 1 2 0 0 0 0 0
1880 8 0 0 2 0 0 0 0 0
1881 4 0 0 2 0 0 0 0 0
1902 104 0 0 0 0 0 0 0 0
1904 46 1 1 21 14 14 0 0 0
1917 6 0 0 0 0 0 0 0 0
1920 8 0 0 4 0 0 0 0 0
1921 8 1 1 3 0 0 0 0 0
1945 18 0 0 12 3 3 0 0 0
1947 2 0 0 0 0 0 0 0 0
1948 24 2 2 4 0 0 0 0 0
1951 6 0 0 0 0 0 0 0 0
1956 1 0 0 0 0 0 0 0 0
1957 2 0 0 0 0 0 0 0 0
1960 2 1 1 0 0 0 0 0 0
1963 2 0 0 1 0 0 0 0 0
1964 4 0 0 1 0 0 0 0 0
1965 1 0 0 1 0 0 0 0 0
1966 3 0 0 1 0 0 0 0 0
1967 3 0 0 1 0 0 0 0 0
1991 6 1 1 0 0 0 2 0 0
1995 90 0 0 70 0 0 0 0 0
fl=/build/glibc-vjB4T1/glibc-2.28/elf/dl-lookup.c
fn=_dl_lookup_symbol_x
555 356 1 1 0 0 0 0 0 0
556 8798 0 0 2155 108 102 0 0 0
557 7908 0 0 0 0 0 0 0 0
791 2492 1 1 178 0 0 1602 7 1
793 356 0 0 0 0 0 178 2 0
794 356 1 1 0 0 0 356 0 0
797 178 0 0 178 2 0 0 0 0
801 690 0 0 167 0 0 0 0 0
805 1958 1 1 534 0 0 712 0 0
806 890 0 0 534 4 0 0 0 0
812 416 0 0 20 0 0 0 0 0
814 2314 2 2 890 0 0 1246 3 0
817 870 0 0 168 0 0 0 0 0
820 40 0 0 0 0 0 0 0 0
842 356 0 0 178 0 0 0 0 0
844 60 1 1 10 0 0 0 0 0
861 10 1 1 0 0 0 10 0 0
862 20 0 0 0 0 0 0 0 0
866 1344 1 1 336 0 0 0 0 0
906 672 0 0 168 0 0 0 0 0
920 504 0 0 168 4 1 0 0 0
921 2 1 1 0 0 0 1 0 0
923 504 0 0 168 0 0 0 0 0
928 336 0 0 168 0 0 168 0 0
930 1622 1 1 1246 0 0 0 0 0
fn=_dl_setup_hash
940 12 1 1 4 0 0 0 0 0
942 4 0 0 4 0 0 0 0 0
944 8 0 0 4 4 4 4 1 1
945 4 0 0 4 0 0 0 0 0
946 4 0 0 4 1 1 0 0 0
948 12 0 0 0 0 0 0 0 0
949 4 0 0 0 0 0 4 0 0
950 12 0 0 4 0 0 4 0 0
952 4 1 1 0 0 0 4 0 0
953 8 0 0 0 0 0 0 0 0
955 4 0 0 0 0 0 4 0 0
957 12 0 0 0 0 0 4 0 0
958 4 0 0 4 0 0 0 0 0
fn=check_match
75 1539 2 2 513 94 88 684 1 1
78 1194 1 1 171 15 13 0 0 0
83 168 0 0 0 0 0 0 0 0
91 1344 1 1 168 0 0 168 3 0
94 861 0 0 210 0 0 105 2 0
98 168 0 0 168 1 0 0 0 0
99 336 0 0 0 0 0 0 0 0
101 334 0 0 0 0 0 0 0 0
120 334 1 1 334 55 27 0 0 0
121 1336 0 0 501 8 0 0 0 0
122 835 1 1 334 0 0 167 0 0
149 2 1 1 0 0 0 0 0 0
151 6 0 0 2 0 0 0 0 0
152 4 0 0 0 0 0 0 0 0
160 6 0 0 0 0 0 0 0 0
167 1026 0 0 855 0 0 0 0 0
fn=do_lookup_x
251 1176 1 1 504 0 0 0 0 0
271 380 0 0 0 0 0 0 0 0
302 20 2 2 12 0 0 0 0 0
339 2314 2 2 356 0 0 1780 8 2
340 178 0 0 178 2 0 0 0 0
345 178 0 0 0 0 0 0 0 0
346 178 0 0 178 0 0 0 0 0
350 1098 1 1 1098 10 0 0 0 0
353 1098 0 0 549 0 0 0 0 0
357 2202 0 0 3 0 0 549 0 0
361 1096 0 0 548 7 0 0 0 0
365 1096 0 0 548 2 0 0 0 0
371 1644 0 0 548 2 0 0 0 0
375 548 0 0 0 0 0 548 0 0
376 548 0 0 0 0 0 548 0 0
379 1644 1 1 1096 14 0 548 0 0
380 1644 0 0 1096 7 0 548 0 0
383 548 0 0 548 0 0 0 0 0
384 1096 0 0 0 0 0 0 0 0
386 548 0 0 548 52 32 0 0 0
387 534 0 0 0 0 0 178 0 0
388 1096 0 0 1096 0 0 0 0 0
391 2740 1 1 1096 0 0 0 0 0
394 3836 0 0 0 0 0 0 0 0
397 344 1 1 344 86 60 0 0 0
398 516 1 1 0 0 0 0 0 0
399 344 0 0 0 0 0 0 0 0
401 344 0 0 172 0 0 0 0 0
404 1715 0 0 343 125 102 0 0 0
406 684 0 0 171 0 0 0 0 0
407 4286 2 2 1197 0 0 1714 1 1
408 342 0 0 0 0 0 0 0 0
411 519 1 1 3 0 0 0 0 0
414 525 0 0 0 0 0 0 0 0
422 890 0 0 0 0 0 178 0 0
445 8 1 1 4 0 0 0 0 0
453 336 1 1 168 0 0 0 0 0
504 336 0 0 0 0 0 0 0 0
507 1136 0 0 168 0 0 0 0 0
511 156 0 0 52 1 0 0 0 0
523 336 0 0 168 0 0 168 0 0
524 168 1 1 0 0 0 168 0 0
525 168 0 0 0 0 0 0 0 0
541 2788 0 0 1056 0 0 0 0 0
542 975 0 0 0 0 0 195 0 0
545 1143 0 0 0 0 0 0 0 0
548 10 0 0 0 0 0 0 0 0
549 1424 0 0 1246 0 0 0 0 0
fl=/build/glibc-vjB4T1/glibc-2.28/elf/dl-minimal.c
fn=calloc
92 8 1 1 0 0 0 0 0 0
96 8 0 0 0 0 0 0 0 0
99 16 0 0 0 0 0 0 0 0
100 24 0 0 0 0 0 0 0 0
103 8 0 0 0 0 0 0 0 0
fn=free
111 12 1 1 6 0 0 0 0 0
fn=malloc
49 3 0 0 0 0 0 2 0 0
50 87 1 1 43 0 0 0 0 0
55 3 0 0 0 0 0 1 0 0
56 2 2 2 1 0 0 0 0 0
57 2 0 0 0 0 0 0 0 0
61 66 0 0 0 0 0 22 0 0
64 150 1 1 0 0 0 0 0 0
69 4 0 0 1 0 0 0 0 0
70 2 0 0 0 0 0 0 0 0
72 2 0 0 0 0 0 0 0 0
73 7 1 1 0 0 0 1 0 0
75 2 0 0 0 0 0 0 0 0
77 3 0 0 1 0 0 0 0 0
79 3 0 0 0 0 0 1 0 0
82 22 0 0 0 0 0 22 0 0
83 22 0 0 0 0 0 22 0 0
85 47 0 0 24 0 0 0 0 0
fn=strsep
265 6 1 1 2 1 1 0 0 0
267 2 0 0 2 0 0 0 0 0
268 4 0 0 0 0 0 0 0 0
272 91 2 2 15 0 0 0 0 0
277 56 0 0 0 0 0 0 0 0
279 112 0 0 28 0 0 0 0 0
287 14 0 0 0 0 0 0 0 0
290 1 0 0 0 0 0 1 0 0
294 2 0 0 2 0 0 0 0 0
fl=/build/glibc-vjB4T1/glibc-2.28/elf/dl-misc.c
fn=_dl_name_match_p
282 1045 1 1 0 0 0 418 1 1
283 836 0 0 209 0 0 209 3 1
284 212 0 0 0 0 0 0 0 0
286 209 0 0 209 0 0 0 0 0
288 838 0 0 0 0 0 0 0 0
289 1065 1 1 213 5 0 213 0 0
292 210 0 0 210 0 0 0 0 0
294 206 0 0 0 0 0 0 0 0
295 1045 0 0 627 0 0 0 0 0
fn=_dl_sysdep_read_whole_file
44 8 1 1 0 0 0 4 0 0
47 3 1 1 0 0 0 1 0 0
48 2 0 0 0 0 0 0 0 0
50 7 1 1 0 0 0 1 0 0
52 2 0 0 1 0 0 1 0 0
55 2 0 0 0 0 0 0 0 0
57 8 1 1 0 0 0 1 0 0
68 3 0 0 0 0 0 1 0 0
71 7 0 0 5 0 0 0 0 0
fl=/build/glibc-vjB4T1/glibc-2.28/elf/dl-object.c
fn=_dl_add_to_namespace_list
31 15 2 2 0 0 0 9 0 0
33 9 0 0 3 0 0 3 0 0
35 22 0 0 3 0 0 0 0 0
38 15 0 0 5 0 0 0 0 0
40 2 0 0 0 0 0 2 0 0
42 2 0 0 0 0 0 2 0 0
45 2 1 1 0 0 0 1 0 0
46 9 0 0 3 0 0 0 0 0
47 6 0 0 3 0 0 3 0 0
48 6 0 0 0 0 0 3 0 0
50 6 0 0 3 0 0 0 0 0
51 9 0 0 9 0 0 0 0 0
fn=_dl_new_object
59 36 1 1 0 0 0 24 3 3
60 18 0 0 0 0 0 9 1 1
66 18 1 1 3 1 1 0 0 0
68 6 0 0 0 0 0 0 0 0
73 15 0 0 0 0 0 6 0 0
76 6 0 0 0 0 0 0 0 0
79 3 0 0 0 0 0 3 2 2
80 9 0 0 3 0 0 3 3 3
84 6 0 0 0 0 0 3 2 2
85 24 2 2 9 0 0 9 0 0
87 3 0 0 0 0 0 3 0 0
95 18 0 0 6 0 0 3 0 0
96 18 0 0 6 3 3 3 0 0
99 6 1 1 3 0 0 0 0 0
100 8 1 1 2 0 0 3 3 3
101 3 0 0 0 0 0 3 0 0
105 3 0 0 0 0 0 3 0 0
108 43 0 0 0 0 0 0 0 0
110 32 0 0 0 0 0 16 4 4
120 6 0 0 0 0 0 3 0 0
121 3 0 0 0 0 0 3 3 3
124 1 1 1 0 0 0 0 0 0
126 18 1 1 3 0 0 0 0 0
128 6 0 0 0 0 0 2 2 2
131 8 0 0 0 0 0 0 0 0
135 6 0 0 2 0 0 0 0 0
139 10 0 0 0 0 0 0 0 0
141 1 1 1 0 0 0 0 0 0
147 1 0 0 0 0 0 1 1 1
150 6 0 0 0 0 0 3 0 0
153 9 1 1 0 0 0 3 0 0
155 10 0 0 2 0 0 4 0 0
159 8 0 0 2 0 0 0 0 0
163 6 1 1 0 0 0 2 0 0
164 8 0 0 0 0 0 0 0 0
172 2 0 0 0 0 0 0 0 0
176 2 0 0 0 0 0 0 0 0
209 48 1 1 4 0 0 2 0 0
214 42 0 0 0 0 0 0 0 0
215 84 0 0 42 0 0 0 0 0
217 4 0 0 0 0 0 0 0 0
220 2 0 0 0 0 0 2 0 0
223 2 0 0 0 0 0 2 0 0
227 27 0 0 21 0 0 0 0 0
fl=/build/glibc-vjB4T1/glibc-2.28/elf/dl-open.c
fn=_dl_find_dso_for_object
174 5 1 1 0 0 0 4 0 0
178 5 0 0 1 0 0 0 0 0
179 10 0 0 3 0 0 0 0 0
180 12 1 1 6 1 0 0 0 0
181 2 0 0 1 0 0 0 0 0
184 2 1 1 1 0 0 0 0 0
188 7 0 0 5 0 0 0 0 0
fl=/build/glibc-vjB4T1/glibc-2.28/elf/dl-reloc.c
fn=_dl_protect_relro
312 4 1 1 0 0 0 4 0 0
313 24 1 1 12 0 0 0 0 0
316 12 0 0 4 0 0 0 0 0
320 8 0 0 0 0 0 0 0 0
321 28 0 0 0 0 0 4 0 0
327 8 0 0 8 0 0 0 0 0
fn=_dl_relocate_object
148 48 1 1 0 0 0 32 0 0
158 6 1 1 0 0 0 0 0 0
159 16 1 1 0 0 0 8 0 0
163 8 0 0 0 0 0 0 0 0
164 20 1 1 4 2 0 4 0 0
170 8 0 0 4 0 0 0 0 0
176 20 0 0 8 0 0 0 0 0
177 8 1 1 4 3 0 0 0 0
180 9 0 0 0 0 0 0 0 0
187 16 0 0 4 0 0 4 0 0
231 12 0 0 8 1 0 4 0 0
258 160 3 3 52 13 0 36 0 0
261 16 0 0 4 0 0 0 0 0
285 4 0 0 4 0 0 0 0 0
288 8 0 0 4 0 0 0 0 0
305 8 0 0 4 3 0 0 0 0
306 8 1 1 0 0 0 4 0 0
307 32 0 0 28 2 0 0 0 0
fl=/build/glibc-vjB4T1/glibc-2.28/elf/dl-sort-maps.c
fn=_dl_sort_maps
28 9 2 2 0 0 0 7 1 1
30 8 0 0 0 0 0 2 0 0
33 1 0 0 0 0 0 0 0 0
34 9 1 1 0 0 0 2 0 0
35 12 0 0 0 0 0 5 0 0
39 18 1 1 6 0 0 6 0 0
40 9 0 0 6 0 0 0 0 0
42 6 0 0 3 0 0 0 0 0
54 18 0 0 9 0 0 0 0 0
56 9 1 1 6 0 0 0 0 0
57 6 0 0 0 0 0 0 0 0
59 9 1 1 3 0 0 0 0 0
60 6 0 0 0 0 0 0 0 0
90 6 0 0 0 0 0 0 0 0
111 6 0 0 0 0 0 0 0 0
115 15 0 0 5 0 0 0 0 0
118 18 2 2 2 0 0 2 0 0
122 8 0 0 7 0 0 0 0 0
fl=/build/glibc-vjB4T1/glibc-2.28/elf/dl-tunables.c
fn=__GI___tunables_init
68 110 1 1 22 0 0 0 0 0
71 21 0 0 0 0 0 0 0 0
74 1316 1 1 191 10 10 0 0 0
78 42 0 0 0 0 0 0 0 0
83 42 0 0 0 0 0 0 0 0
280 4 0 0 1 0 0 0 0 0
289 8 1 1 0 0 0 6 1 1
297 42 0 0 0 0 0 0 0 0
312 2037 1 1 0 0 0 0 0 0
318 2520 0 0 1008 0 0 0 0 0
330 84 1 1 21 0 0 0 0 0
364 8 0 0 7 0 0 0 0 0
fn=__tunable_get_val
373 190 2 1 17 10 0 0 0 0
377 52 0 0 13 0 0 13 0 0
382 6 1 0 3 1 0 3 0 0
383 3 0 0 0 0 0 0 0 0
392 2 1 1 1 0 0 1 0 0
393 1 1 1 0 0 0 0 0 0
399 85 1 0 17 1 0 0 0 0
401 17 0 0 17 0 0 0 0 0
fl=/build/glibc-vjB4T1/glibc-2.28/elf/dl-tunables.h
fn=__GI___tunables_init
120 969 1 1 446 7 7 0 0 0
121 961 0 0 0 0 0 0 0 0
fl=/build/glibc-vjB4T1/glibc-2.28/elf/dl-version.c
fn=_dl_check_all_versions
362 5 1 1 0 0 0 4 0 0
364 2 0 0 0 0 0 0 0 0
366 17 1 1 4 0 0 0 0 0
368 40 0 0 4 0 0 4 0 0
371 7 0 0 5 0 0 0 0 0
fn=_dl_check_map_versions
37 24 1 1 4 0 0 0 0 0
38 5 0 0 5 0 0 0 0 0
39 35 0 0 0 0 0 7 0 0
57 16 0 0 16 0 0 0 0 0
65 24 1 1 8 0 0 0 0 0
71 24 0 0 8 1 0 0 0 0
87 8 0 0 8 1 0 0 0 0
88 16 0 0 0 0 0 0 0 0
90 8 0 0 8 0 0 0 0 0
95 164 0 0 62 9 9 8 0 0
109 124 1 1 62 2 2 0 0 0
111 8 1 1 8 0 0 0 0 0
114 66 1 1 18 0 0 8 0 0
121 162 0 0 54 2 2 0 0 0
125 54 0 0 0 0 0 0 0 0
143 10 1 1 0 0 0 6 0 0
156 28 1 1 0 0 0 24 0 0
157 4 1 1 0 0 0 4 0 0
165 4 1 1 0 0 0 0 0 0
171 12 0 0 4 0 0 0 0 0
173 12 1 1 4 0 0 8 0 0
175 8 0 0 4 0 0 4 0 0
176 16 0 0 4 0 0 8 0 0
178 8 0 0 0 0 0 0 0 0
181 6 0 0 4 0 0 2 0 0
185 10 0 0 2 2 2 0 0 0
201 6 0 0 6 0 0 0 0 0
209 6 0 0 2 0 0 0 0 0
210 2 1 1 0 0 0 0 0 0
214 6 0 0 4 0 0 0 0 0
218 102 1 1 68 0 0 8 0 0
220 8 0 0 8 2 2 0 0 0
222 22 0 0 8 0 0 8 0 0
225 32 0 0 8 0 0 0 0 0
228 24 0 0 8 0 0 0 0 0
233 6 0 0 0 0 0 0 0 0
237 8 0 0 4 0 0 0 0 0
251 13 0 0 4 0 0 0 0 0
254 8 0 0 6 0 0 0 0 0
257 140 0 0 35 4 4 0 0 0
260 105 0 0 35 2 2 0 0 0
264 33 0 0 0 0 0 0 0 0
268 6 1 1 0 0 0 0 0 0
273 3 0 0 0 0 0 3 0 0
274 12 1 1 0 0 0 3 0 0
275 6 0 0 0 0 0 0 0 0
285 3 1 1 0 0 0 3 0 0
288 9 0 0 6 0 0 3 0 0
290 9 0 0 3 0 0 0 0 0
293 8 0 0 6 0 0 0 0 0
297 6 0 0 2 0 0 0 0 0
300 24 0 0 8 0 0 0 0 0
302 24 1 1 0 0 0 0 0 0
304 40 0 0 8 0 0 8 0 0
305 24 0 0 0 0 0 8 3 3
306 24 0 0 8 0 0 8 1 1
307 24 0 0 8 0 0 8 1 1
310 24 0 0 8 0 0 0 0 0
315 6 0 0 0 0 0 0 0 0
318 6 1 1 2 0 0 0 0 0
328 9 0 0 3 0 0 0 0 0
331 8 0 0 6 0 0 0 0 0
335 33 0 0 33 0 0 0 0 0
337 70 0 0 35 0 0 0 0 0
341 33 0 0 33 0 0 0 0 0
342 165 0 0 33 0 0 33 9 9
343 99 0 0 33 0 0 33 0 0
344 33 0 0 0 0 0 33 4 4
347 107 1 1 35 0 0 0 0 0
351 33 0 0 0 0 0 0 0 0
357 36 0 0 32 0 0 0 0 0
fl=/build/glibc-vjB4T1/glibc-2.28/elf/do-rel.h
fn=_dl_relocate_object
46 8 0 0 0 0 0 0 0 0
47 16 0 0 0 0 0 8 0 0
48 8 0 0 8 0 0 0 0 0
50 5 0 0 0 0 0 3 0 0
51 6 0 0 0 0 0 4 1 0
58 16 0 0 0 0 0 0 0 0
61 152 1 1 2 0 0 0 0 0
63 192 1 1 48 19 19 0 0 0
65 121 0 0 0 0 0 0 0 0
74 4 0 0 0 0 0 0 0 0
75 141 1 1 16 0 0 0 0 0
76 80 0 0 40 0 0 0 0 0
83 12 0 0 6 1 0 6 0 0
84 6 1 1 6 0 0 0 0 0
86 12 0 0 0 0 0 0 0 0
98 18 1 1 0 0 0 0 0 0
108 8 0 0 0 0 0 0 0 0
111 4559 1 1 0 0 0 0 0 0
112 3032 0 0 1516 191 190 0 0 0
118 18 0 0 6 5 0 0 0 0
121 10 0 0 5 1 0 5 1 0
124 583 2 2 196 0 0 0 0 0
127 764 0 0 191 49 46 0 0 0
136 764 1 1 382 46 40 0 0 0
137 764 0 0 191 0 0 191 1 0
138 704 0 0 191 2 0 0 0 0
139 573 0 0 382 0 0 191 0 0
143 15 0 0 6 0 0 0 0 0
160 21 1 1 7 0 0 2 0 0
162 20 0 0 5 1 1 0 0 0
170 30 1 1 5 0 0 5 0 0
171 15 0 0 10 0 0 5 0 0
174 3 0 0 1 0 0 0 0 0
fn=_dl_start
83 1 0 0 1 0 0 0 0 0
84 1 0 0 1 0 0 0 0 0
111 123 0 0 0 0 0 0 0 0
112 80 0 0 40 6 6 0 0 0
116 2 0 0 1 0 0 0 0 0
124 30 1 1 0 0 0 0 0 0
136 27 1 1 9 2 2 0 0 0
137 18 0 0 0 0 0 0 0 0
139 18 0 0 9 0 0 0 0 0
fl=/build/glibc-vjB4T1/glibc-2.28/elf/get-dynamic-info.h
fn=_dl_map_object_from_fd
42 4 0 0 0 0 0 0 0 0
46 2 0 0 0 0 0 0 0 0
48 141 1 1 47 13 13 0 0 0
50 90 1 1 0 0 0 0 0 0
63 42 0 0 0 0 0 0 0 0
64 71 0 0 0 0 0 43 11 11
65 8 0 0 0 0 0 0 0 0
67 2 0 0 0 0 0 0 0 0
68 10 0 0 0 0 0 0 0 0
70 2 0 0 0 0 0 0 0 0
71 10 1 1 0 0 0 0 0 0
72 2 0 0 0 0 0 0 0 0
73 8 0 0 0 0 0 2 0 0
74 45 0 0 0 0 0 0 0 0
81 4 0 0 0 0 0 0 0 0
101 7 0 0 3 0 0 0 0 0
102 8 1 1 4 0 0 0 0 0
103 8 0 0 4 0 0 0 0 0
104 8 0 0 4 0 0 0 0 0
106 8 0 0 4 0 0 0 0 0
111 8 0 0 4 0 0 0 0 0
112 7 1 1 3 1 1 0 0 0
113 8 0 0 4 0 0 0 0 0
118 6 0 0 2 0 0 0 0 0
123 4 0 0 2 0 0 0 0 0
130 4 1 1 2 0 0 0 0 0
131 6 0 0 4 0 0 0 0 0
149 6 1 1 2 1 1 0 0 0
154 2 0 0 1 0 0 1 0 0
156 2 0 0 0 0 0 0 0 0
158 2 0 0 0 0 0 0 0 0
160 2 0 0 0 0 0 0 0 0
163 6 1 1 2 0 0 0 0 0
165 3 0 0 1 0 0 1 0 0
173 2 0 0 1 0 0 0 0 0
178 2 0 0 0 0 0 0 0 0
181 4 1 1 2 0 0 0 0 0
fn=_dl_start
48 57 0 0 19 6 6 0 0 0
50 36 1 1 0 0 0 0 0 0
63 21 0 0 0 0 0 0 0 0
64 29 0 0 0 0 0 17 5 5
65 4 0 0 0 0 0 0 0 0
67 2 0 0 0 0 0 0 0 0
68 5 1 1 0 0 0 0 0 0
70 3 0 0 0 0 0 0 0 0
71 5 1 1 0 0 0 0 0 0
72 1 0 0 0 0 0 0 0 0
73 5 1 1 0 0 0 1 1 1
74 18 0 0 0 0 0 0 0 0
81 2 1 1 0 0 0 0 0 0
101 4 0 0 2 0 0 0 0 0
102 4 0 0 2 0 0 0 0 0
103 4 0 0 2 0 0 0 0 0
104 4 1 1 2 0 0 0 0 0
106 4 0 0 2 0 0 0 0 0
111 4 0 0 2 0 0 0 0 0
112 4 0 0 2 0 0 0 0 0
113 4 1 1 2 0 0 0 0 0
118 3 0 0 1 0 0 0 0 0
123 2 0 0 1 0 0 0 0 0
130 3 0 0 1 0 0 0 0 0
131 3 0 0 2 0 0 0 0 0
139 3 1 1 1 0 0 0 0 0
142 3 0 0 1 1 1 0 0 0
146 2 0 0 1 0 0 0 0 0
147 2 1 1 1 0 0 0 0 0
fn=dl_main
33 1 0 0 1 0 0 0 0 0
42 2 0 0 0 0 0 0 0 0
46 1 0 0 0 0 0 0 0 0
48 81 0 0 27 7 7 0 0 0
50 52 0 0 0 0 0 0 0 0
63 25 1 1 0 0 0 0 0 0
64 42 0 0 0 0 0 25 6 6
65 4 0 0 0 0 0 0 0 0
67 1 0 0 0 0 0 0 0 0
68 5 1 1 0 0 0 0 0 0
70 1 0 0 0 0 0 0 0 0
71 5 0 0 0 0 0 0 0 0
72 1 0 0 0 0 0 0 0 0
73 4 1 1 0 0 0 1 0 0
74 26 0 0 0 0 0 0 0 0
81 3 0 0 1 0 0 0 0 0
101 3 0 0 1 0 0 0 0 0
102 4 1 1 2 0 0 0 0 0
103 4 0 0 2 0 0 0 0 0
104 4 0 0 2 0 0 0 0 0
106 4 0 0 2 0 0 0 0 0
111 4 1 1 2 0 0 0 0 0
112 4 0 0 2 0 0 0 0 0
113 4 0 0 2 0 0 0 0 0
118 3 0 0 1 0 0 0 0 0
123 2 0 0 1 0 0 0 0 0
130 2 1 1 1 0 0 0 0 0
131 3 0 0 2 0 0 0 0 0
149 3 0 0 1 0 0 0 0 0
154 2 0 0 1 0 0 1 0 0
156 2 0 0 0 0 0 0 0 0
158 2 0 0 0 0 0 0 0 0
160 2 1 1 0 0 0 0 0 0
161 2 1 1 0 0 0 1 0 0
163 3 0 0 1 0 0 0 0 0
165 3 0 0 1 0 0 1 0 0
173 2 0 0 1 0 0 0 0 0
178 2 0 0 0 0 0 0 0 0
179 3 0 0 1 0 0 1 0 0
181 2 1 1 1 0 0 0 0 0
fl=/build/glibc-vjB4T1/glibc-2.28/elf/rtld.c
fn=_dl_start
394 2 0 0 0 0 0 1 1 1
395 2 1 1 0 0 0 1 0 0
396 2 0 0 0 0 0 1 0 0
397 2 0 0 0 0 0 1 1 1
398 2 0 0 0 0 0 1 0 0
406 5 0 0 0 0 0 1 0 0
409 1 0 0 0 0 0 1 0 0
415 4 2 1 0 0 0 1 0 0
424 4 0 0 0 0 0 0 0 0
427 2 0 0 1 1 0 1 1 0
431 2 0 0 1 0 0 0 0 0
445 9 1 1 0 0 0 6 1 1
464 5 0 0 0 0 0 1 1 1
487 1 0 0 0 0 0 1 1 1
490 1 0 0 0 0 0 1 1 1
501 2 0 0 0 0 0 0 0 0
506 25 2 2 9 0 0 0 0 0
508 1 0 0 1 1 1 0 0 0
533 9 1 0 7 1 0 0 0 0
fn=dl_main
800 1 0 0 1 0 0 0 0 0
802 1 0 0 0 0 0 1 0 0
811 1 1 1 0 0 0 1 0 0
813 1 0 0 0 0 0 1 0 0
818 1 0 0 0 0 0 1 0 0
871 12 2 2 0 0 0 8 1 1
877 1 0 0 0 0 0 0 0 0
880 1 0 0 0 0 0 0 0 0
888 2 0 0 0 0 0 1 1 1
892 2 1 1 0 0 0 1 1 1
893 2 0 0 0 0 0 1 0 0
898 2 0 0 0 0 0 1 1 1
908 4 1 1 2 0 0 0 0 0
1109 8 2 2 0 0 0 1 0 0
1111 2 0 0 0 0 0 0 0 0
1112 1 0 0 0 0 0 1 1 1
1113 2 0 0 1 0 0 1 0 0
1114 3 1 1 2 0 0 1 0 0
1118 3 0 0 0 0 0 1 0 0
1119 2 0 0 1 0 0 0 0 0
1140 1 0 0 0 0 0 1 0 0
1141 1 1 1 0 0 0 1 0 0
1143 2 0 0 0 0 0 1 0 0
1145 1 0 0 1 0 0 0 0 0
1148 39 0 0 1 0 0 0 0 0
1149 91 1 1 11 4 4 0 0 0
1153 3 1 1 1 0 0 1 0 0
1154 1 0 0 0 0 0 0 0 0
1158 3 1 1 2 0 0 1 0 0
1159 1 0 0 0 0 0 0 0 0
1167 2 0 0 0 0 0 1 1 1
1168 2 1 1 2 1 1 0 0 0
1170 1 0 0 0 0 0 1 0 0
1177 3 1 1 1 0 0 0 0 0
1189 1 1 1 0 0 0 0 0 0
1195 2 0 0 0 0 0 0 0 0
1203 8 0 0 4 0 0 0 0 0
1204 16 1 1 5 1 1 0 0 0
1205 8 0 0 4 0 0 0 0 0
1206 1 0 0 0 0 0 1 0 0
1209 8 0 0 4 3 3 0 0 0
1210 8 0 0 4 0 0 0 0 0
1211 4 0 0 0 0 0 4 0 0
1212 10 0 0 5 0 0 0 0 0
1213 2 0 0 0 0 0 1 0 0
1240 2 1 1 1 0 0 1 0 0
1241 1 0 0 0 0 0 0 0 0
1244 2 0 0 1 1 1 1 1 1
1245 2 0 0 1 0 0 1 0 0
1246 1 0 0 0 0 0 0 0 0
1257 5 1 1 3 1 1 0 0 0
1260 2 0 0 0 0 0 0 0 0
1262 2 0 0 0 0 0 0 0 0
1264 2 1 1 1 0 0 0 0 0
1277 3 0 0 1 0 0 0 0 0
1278 7 1 1 2 0 0 2 0 0
1280 3 0 0 3 0 0 0 0 0
1283 1 0 0 0 0 0 1 0 0
1285 1 0 0 0 0 0 1 1 1
1286 1 0 0 0 0 0 1 0 0
1288 3 0 0 2 0 0 0 0 0
1289 2 0 0 0 0 0 1 0 0
1293 2 1 1 1 0 0 0 0 0
1295 2 0 0 0 0 0 0 0 0
1300 2 0 0 0 0 0 1 0 0
1303 2 0 0 1 0 0 0 0 0
1319 4 1 1 0 0 0 2 0 0
1325 10 1 1 1 0 0 2 0 0
1330 2 1 1 1 0 0 1 0 0
1333 4 0 0 1 0 0 2 0 0
1335 1 0 0 0 0 0 1 0 0
1340 2 1 1 1 0 0 0 0 0
1343 4 1 1 2 0 0 1 0 0
1344 4 0 0 1 0 0 1 0 0
1345 2 0 0 1 0 0 1 0 0
1346 1 0 0 0 0 0 1 0 0
1347 1 0 0 1 0 0 0 0 0
1348 1 1 1 1 0 0 0 0 0
1353 2 0 0 1 0 0 0 0 0
1354 5 0 0 1 0 0 1 0 0
1369 1 0 0 1 0 0 0 0 0
1371 2 0 0 1 1 1 0 0 0
1372 2 1 1 1 0 0 0 0 0
1374 2 0 0 1 0 0 0 0 0
1376 1 0 0 0 0 0 1 0 0
1377 3 0 0 1 0 0 1 0 0
1382 5 0 0 0 0 0 0 0 0
1383 5 0 0 1 1 1 0 0 0
1385 2 1 1 1 0 0 1 1 1
1386 2 0 0 1 0 0 1 0 0
1391 2 0 0 1 1 1 0 0 0
1396 1 0 0 0 0 0 1 0 0
1397 5 1 1 2 0 0 1 0 0
1398 2 0 0 0 0 0 0 0 0
1577 2 0 0 0 0 0 2 0 0
1585 3 0 0 1 0 0 0 0 0
1588 2 1 1 1 0 0 1 0 0
1592 3 0 0 1 0 0 0 0 0
1597 2 0 0 1 0 0 1 0 0
1598 1 0 0 0 0 0 1 0 0
1603 3 0 0 1 0 0 0 0 0
1618 3 1 1 2 0 0 0 0 0
1620 1 0 0 0 0 0 0 0 0
1622 3 0 0 1 0 0 0 0 0
1624 5 1 1 0 0 0 0 0 0
1625 3 0 0 0 0 0 1 0 0
1626 4 0 0 0 0 0 0 0 0
1628 4 1 1 1 0 0 0 0 0
1638 5 0 0 0 0 0 1 0 0
1715 4 1 1 2 0 0 0 0 0
1719 9 2 2 0 0 0 0 0 0
1720 1 0 0 0 0 0 0 0 0
1723 3 0 0 0 0 0 1 0 0
1724 1 0 0 1 0 0 0 0 0
1725 2 0 0 0 0 0 0 0 0
1726 2 0 0 0 0 0 0 0 0
1732 5 0 0 0 0 0 0 0 0
1733 8 0 0 1 0 0 1 0 0
1734 4 1 1 0 0 0 0 0 0
1736 3 0 0 1 0 0 0 0 0
1739 11 0 0 1 0 0 0 0 0
1740 19 1 1 9 0 0 0 0 0
1743 3 0 0 2 0 0 1 0 0
1744 3 0 0 1 0 0 0 0 0
1745 1 0 0 0 0 0 1 0 0
1747 10 1 1 0 0 0 0 0 0
1748 13 0 0 7 0 0 0 0 0
1758 2 1 1 0 0 0 1 0 0
1760 2 0 0 1 0 0 1 0 0
1761 3 0 0 1 0 0 0 0 0
1763 2 0 0 0 0 0 1 0 0
1765 3 0 0 0 0 0 0 0 0
1767 3 1 1 1 0 0 0 0 0
1768 1 0 0 1 0 0 0 0 0
1781 2 0 0 0 0 0 0 0 0
1782 2 0 0 1 0 0 1 0 0
1783 3 1 1 1 0 0 0 0 0
1794 5 1 1 1 0 0 1 0 0
1795 1 0 0 0 0 0 1 1 1
1796 6 0 0 0 0 0 2 0 0
1806 2 1 1 1 0 0 1 0 0
1807 2 0 0 1 0 0 0 0 0
1808 3 1 1 0 0 0 2 0 0
1810 2 0 0 1 0 0 0 0 0
1815 3 0 0 1 0 0 0 0 0
2045 3 0 0 1 0 0 0 0 0
2101 1 1 1 0 0 0 1 0 0
2105 2 0 0 1 0 0 1 0 0
2111 2 0 0 1 0 0 1 0 0
2114 2 0 0 0 0 0 0 0 0
2152 2 1 1 1 0 0 0 0 0
2170 3 0 0 1 0 0 0 0 0
2177 1 0 0 1 0 0 0 0 0
2179 5 1 1 0 0 0 0 0 0
2180 1 0 0 1 0 0 0 0 0
2181 15 0 0 0 0 0 0 0 0
2183 12 0 0 8 1 0 0 0 0
2188 8 0 0 8 0 0 0 0 0
2190 10 0 0 0 0 0 0 0 0
2192 1 1 1 0 0 0 1 0 0
2193 1 1 1 1 0 0 0 0 0
2196 4 0 0 4 0 0 0 0 0
2198 8 0 0 4 1 0 0 0 0
2199 24 0 0 6 2 0 3 0 0
2203 10 0 0 5 1 0 0 0 0
2204 3 0 0 0 0 0 1 0 0
2206 4 0 0 0 0 0 0 0 0
2208 4 0 0 0 0 0 1 1 0
2214 2 0 0 1 0 0 0 0 0
2219 4 1 1 2 2 0 0 0 0
2221 1 0 0 1 1 0 0 0 0
2228 3 0 0 1 0 0 1 0 0
2231 2 0 0 1 0 0 0 0 0
2240 3 1 1 2 1 0 0 0 0
2242 4 0 0 1 0 0 0 0 0
2257 5 0 0 0 0 0 0 0 0
2259 1 1 1 1 1 0 0 0 0
2260 5 0 0 1 1 0 1 0 0
2261 4 0 0 0 0 0 0 0 0
2263 3 0 0 1 0 0 0 0 0
2271 1 1 1 0 0 0 1 0 0
2275 3 0 0 1 0 0 0 0 0
2295 3 0 0 0 0 0 1 0 0
2296 1 0 0 0 0 0 1 0 0
2297 1 0 0 0 0 0 1 0 0
2302 1 0 0 0 0 0 1 0 0
2307 8 0 0 7 2 0 0 0 0
2473 2 0 0 1 0 0 1 1 1
2475 1 0 0 0 0 0 1 0 0
2476 1 0 0 0 0 0 0 0 0
2480 6 0 0 1 0 0 1 0 0
2482 14 1 1 3 0 0 4 1 1
2484 2 0 0 0 0 0 0 0 0
2486 105 0 0 21 0 0 0 0 0
2487 19 0 0 0 0 0 0 0 0
2489 4 0 0 0 0 0 0 0 0
2495 14 1 1 2 1 1 0 0 0
2516 2 1 1 1 0 0 0 0 0
2523 6 1 1 3 0 0 0 0 0
2525 2 1 1 0 0 0 1 0 0
2526 1 0 0 0 0 0 0 0 0
2539 1 1 1 0 0 0 0 0 0
2571 3 1 1 1 0 0 0 0 0
2572 5 1 1 2 0 0 0 0 0
2574 2 0 0 0 0 0 1 1 1
2575 1 0 0 0 0 0 0 0 0
2644 3 0 0 1 0 0 0 0 0
2676 3 0 0 1 0 0 0 0 0
fn=do_preload
751 6 1 1 0 0 0 3 0 0
753 1 1 1 0 0 0 1 0 0
757 1 0 0 0 0 0 1 0 0
758 1 0 0 0 0 0 1 0 0
759 1 0 0 0 0 0 1 0 0
761 1 0 0 1 0 0 0 0 0
763 6 0 0 0 0 0 1 0 0
764 3 0 0 1 0 0 0 0 0
772 3 0 0 1 0 0 0 0 0
778 5 0 0 4 0 0 0 0 0
fn=dso_name_valid_for_suid
122 4 1 1 0 0 0 2 0 0
123 3 0 0 1 0 0 0 0 0
131 2 0 0 1 0 0 0 0 0
132 5 0 0 3 0 0 0 0 0
fn=handle_ld_preload
838 10 1 1 0 0 0 5 0 0
839 1 0 0 0 0 0 0 0 0
843 4 1 1 2 0 0 0 0 0
846 4 0 0 0 0 0 1 1 1
847 3 0 0 0 0 0 0 0 0
849 4 1 1 0 0 0 1 0 0
850 2 0 0 0 0 0 1 0 0
856 1 0 0 0 0 0 0 0 0
858 2 0 0 1 0 0 0 0 0
860 4 0 0 0 0 0 1 0 0
861 5 0 0 0 0 0 1 0 0
864 8 0 0 6 0 0 0 0 0
fn=init_tls
682 1 1 1 0 0 0 1 0 0
684 2 0 0 1 0 0 1 0 0
688 2 0 0 1 0 0 0 0 0
694 2 1 1 0 0 0 1 0 0
697 1 0 0 0 0 0 1 0 0
698 4 0 0 0 0 0 1 0 0
703 1 0 0 0 0 0 0 0 0
705 1 0 0 0 0 0 1 0 0
709 2 0 0 1 1 1 0 0 0
710 2 0 0 0 0 0 0 0 0
711 11 0 0 1 0 0 0 0 0
712 4 0 0 4 0 0 0 0 0
713 12 1 1 4 0 0 0 0 0
717 2 0 0 0 0 0 1 0 0
719 3 0 0 0 0 0 0 0 0
721 2 0 0 0 0 0 0 0 0
724 1 0 0 0 0 0 1 0 0
731 2 0 0 0 0 0 1 0 0
732 2 0 0 0 0 0 0 0 0
738 2 1 1 1 0 0 1 0 0
741 7 0 0 0 0 0 2 0 0
744 1 0 0 0 0 0 1 0 0
747 3 1 1 2 0 0 0 0 0
fn=map_doit
589 2 1 1 0 0 0 1 0 0
591 4 0 0 1 0 0 0 0 0
592 6 0 0 2 0 0 2 0 0
594 2 0 0 2 0 0 0 0 0
fn=rtld_lock_default_lock_recursive
785 4 1 1 4 2 1 0 0 0
786 4 0 0 4 0 0 0 0 0
fn=rtld_lock_default_unlock_recursive
791 4 0 0 4 1 0 0 0 0
792 4 0 0 4 0 0 0 0 0
fn=version_check_doit
622 2 1 1 0 0 0 1 0 0
624 6 0 0 2 0 0 1 0 0
628 2 0 0 2 0 0 0 0 0
fl=/build/glibc-vjB4T1/glibc-2.28/elf/setup-vdso.h
fn=dl_main
24 2 0 0 1 0 0 0 0 0
fl=/build/glibc-vjB4T1/glibc-2.28/io/../sysdeps/unix/sysv/linux/access.c
fn=access
27 7 0 0 0 0 0 1 0 0
31 1 0 0 1 0 0 0 0 0
fl=/build/glibc-vjB4T1/glibc-2.28/io/../sysdeps/unix/sysv/linux/close.c
fn=close
27 8 1 1 1 0 0 0 0 0
28 1 0 0 1 0 0 0 0 0
fl=/build/glibc-vjB4T1/glibc-2.28/io/../sysdeps/unix/sysv/linux/close_nocancel.c
fn=__GI___close_nocancel
26 12 1 1 0 0 0 0 0 0
27 3 0 0 3 0 0 0 0 0
fl=/build/glibc-vjB4T1/glibc-2.28/io/../sysdeps/unix/sysv/linux/fcntl64.c
fn=fcntl
38 10 1 1 2 0 0 4 0 0
42 10 0 0 0 0 0 6 0 0
48 8 0 0 0 0 0 0 0 0
51 2 1 1 0 0 0 2 1 0
52 10 0 0 6 0 0 0 0 0
fl=/build/glibc-vjB4T1/glibc-2.28/io/../sysdeps/unix/sysv/linux/fcntl_nocancel.c
fn=__fcntl64_nocancel_adjusted
51 8 2 2 2 0 0 2 0 0
52 4 0 0 0 0 0 0 0 0
64 8 0 0 0 0 0 0 0 0
65 10 0 0 6 0 0 0 0 0
fl=/build/glibc-vjB4T1/glibc-2.28/io/../sysdeps/unix/sysv/linux/open64.c
fn=open
37 5 1 1 1 0 0 2 0 0
40 7 1 1 0 0 0 0 0 0
48 11 0 0 1 0 0 0 0 0
50 5 1 1 3 0 0 0 0 0
fl=/build/glibc-vjB4T1/glibc-2.28/io/../sysdeps/unix/sysv/linux/open64_nocancel.c
fn=__open_nocancel
34 11 0 0 0 0 0 11 2 2
37 77 1 1 0 0 0 0 0 0
45 101 2 2 0 0 0 8 0 0
47 11 0 0 11 0 0 0 0 0
fl=/build/glibc-vjB4T1/glibc-2.28/io/../sysdeps/unix/sysv/linux/read.c
fn=read
26 16 2 1 2 0 0 0 0 0
27 2 0 0 2 0 0 0 0 0
fl=/build/glibc-vjB4T1/glibc-2.28/io/../sysdeps/unix/sysv/linux/read_nocancel.c
fn=__read_nocancel
26 8 1 1 0 0 0 0 0 0
27 2 0 0 2 0 0 0 0 0
fl=/build/glibc-vjB4T1/glibc-2.28/io/../sysdeps/unix/sysv/linux/wordsize-64/fxstat.c
fn=_fxstat
33 3 1 1 0 0 0 0 0 0
34 6 0 0 0 0 0 0 0 0
35 18 1 1 0 0 0 0 0 0
39 3 0 0 3 0 0 0 0 0
fl=/build/glibc-vjB4T1/glibc-2.28/io/../sysdeps/unix/sysv/linux/wordsize-64/xstat.c
fn=_xstat
33 10 2 2 0 0 0 0 0 0
34 20 0 0 0 0 0 0 0 0
35 88 0 0 7 0 0 7 0 0
39 3 0 0 3 0 0 0 0 0
fl=/build/glibc-vjB4T1/glibc-2.28/libio/genops.c
fn=_IO_default_xsputn
371 27 1 1 0 0 0 21 1 0
374 6 0 0 0 0 0 0 0 0
379 4 1 1 2 0 0 0 0 0
381 1 0 0 0 0 0 0 0 0
382 2 0 0 0 0 0 0 0 0
384 2 0 0 0 0 0 0 0 0
389 5 1 1 1 0 0 0 0 0
393 8 0 0 0 0 0 0 0 0
394 12 0 0 4 0 0 4 0 0
395 4 0 0 0 0 0 1 0 0
397 1 0 0 0 0 0 0 0 0
399 2 0 0 0 0 0 0 0 0
404 24 1 1 21 0 0 0 0 0
fn=_IO_no_init
563 9 1 1 0 0 0 4 0 0
564 1 0 0 0 0 0 1 0 0
565 1 0 0 0 0 0 1 0 0
566 2 0 0 0 0 0 0 0 0
586 2 1 1 0 0 0 1 0 0
587 1 0 0 0 0 0 1 0 0
588 6 0 0 5 0 0 0 0 0
fn=_IO_old_init
532 2 0 0 0 0 0 1 0 0
533 1 0 0 0 0 0 1 0 0
534 3 1 1 1 1 1 0 0 0
536 1 0 0 0 0 0 1 1 0
537 1 0 0 0 0 0 1 0 0
538 1 0 0 0 0 0 1 0 0
539 1 0 0 0 0 0 1 0 0
540 1 0 0 0 0 0 1 0 0
541 1 0 0 0 0 0 1 0 0
542 1 0 0 0 0 0 1 0 0
543 1 0 0 0 0 0 1 0 0
544 1 1 1 0 0 0 1 0 0
546 1 0 0 0 0 0 1 0 0
547 1 0 0 0 0 0 1 0 0
548 1 0 0 0 0 0 1 0 0
549 1 0 0 0 0 0 1 0 0
550 2 1 1 0 0 0 1 0 0
555 3 0 0 1 0 0 0 0 0
558 1 0 0 1 0 0 0 0 0
fn=_IO_setb
329 3 1 1 0 0 0 1 0 0
330 4 0 0 2 0 0 0 0 0
332 1 0 0 0 0 0 1 0 0
333 1 0 0 0 0 0 1 0 0
335 6 0 0 0 0 0 1 0 0
338 3 1 1 2 0 0 0 0 0
fl=/build/glibc-vjB4T1/glibc-2.28/libio/libioP.h
fn=_IO_default_xsputn
832 7 1 1 0 0 0 0 0 0
fl=/build/glibc-vjB4T1/glibc-2.28/libio/strops.c
fn=_IO_str_init_static_internal
36 8 1 1 0 0 0 4 0 0
40 2 0 0 0 0 0 0 0 0
42 1 1 1 0 0 0 0 0 0
43 4 0 0 0 0 0 0 0 0
46 5 1 1 0 0 0 1 0 0
48 1 0 0 0 0 0 1 0 0
49 1 0 0 0 0 0 1 0 0
50 1 0 0 0 0 0 1 0 0
51 2 0 0 0 0 0 0 0 0
53 1 0 0 0 0 0 1 0 0
54 1 0 0 0 0 0 1 0 0
55 1 0 0 0 0 0 1 0 0
64 1 0 0 0 0 0 1 0 0
65 6 0 0 5 0 0 0 0 0
fl=/build/glibc-vjB4T1/glibc-2.28/libio/vtables.c
fn=check_stdfiles_vtables
84 4 1 1 2 1 0 0 0 0
85 3 1 1 2 1 0 0 0 0
86 3 0 0 2 1 0 0 0 0
88 1 0 0 1 0 0 0 0 0
fl=/build/glibc-vjB4T1/glibc-2.28/malloc/arena.c
fn=malloc_hook_ini
291 4 0 0 1 1 1 1 0 0
fn=ptmalloc_init.part.0
289 5 1 1 1 0 0 2 0 0
294 1 1 1 0 0 0 1 0 0
302 2 0 0 1 0 0 0 0 0
303 7 1 1 0 0 0 1 0 0
304 4 1 1 2 0 0 0 0 0
308 3 0 0 1 1 0 1 1 0
310 1 0 0 0 0 0 1 0 0
313 5 1 1 0 0 0 1 0 0
314 4 0 0 0 0 0 1 0 0
315 4 0 0 0 0 0 1 0 0
316 4 1 1 0 0 0 1 0 0
317 4 0 0 0 0 0 1 0 0
318 4 0 0 0 0 0 1 0 0
319 4 1 1 0 0 0 1 0 0
320 4 0 0 0 0 0 1 0 0
322 4 0 0 0 0 0 1 0 0
323 4 1 1 0 0 0 1 0 0
324 4 0 0 0 0 0 1 0 0
395 2 0 0 2 2 1 0 0 0
396 2 0 0 0 0 0 0 0 0
399 1 0 0 0 0 0 1 1 0
400 6 0 0 4 0 0 0 0 0
fn=realloc_hook_ini
291 3 1 1 1 0 0 0 0 0
fn=sysmalloc
535 2 0 0 0 0 0 0 0 0
fl=/build/glibc-vjB4T1/glibc-2.28/malloc/hooks.c
fn=malloc_hook_ini
29 2 0 0 0 0 0 1 0 0
30 2 1 1 1 0 0 1 0 0
32 2 0 0 0 0 0 0 0 0
33 1 0 0 1 1 0 0 0 0
fn=realloc_hook_ini
37 5 1 1 0 0 0 2 0 0
38 2 0 0 1 0 0 1 0 0
39 2 0 0 1 0 0 1 0 0
41 3 0 0 0 0 0 0 0 0
42 3 0 0 2 0 0 0 0 0
fl=/build/glibc-vjB4T1/glibc-2.28/malloc/malloc.c
fn=_int_free
2915 2 1 1 0 0 0 0 0 0
2919 2 1 1 0 0 0 1 0 0
2921 2 0 0 1 0 0 1 0 0
2922 1 0 0 0 0 0 1 0 0
2923 2 0 0 0 0 0 1 0 0
4147 10 2 2 1 0 0 7 0 0
4157 3 0 0 1 0 0 0 0 0
4163 5 0 0 0 0 0 0 0 0
4164 2 0 0 0 0 0 0 0 0
4168 4 1 1 0 0 0 0 0 0
4175 3 0 0 0 0 0 0 0 0
4176 7 0 0 3 0 0 0 0 0
4179 1 0 0 0 0 0 0 0 0
4185 2 0 0 1 0 0 0 0 0
4198 4 1 1 2 0 0 0 0 0
4201 1 0 0 0 0 0 0 0 0
4420 11 2 2 9 0 0 0 0 0
fn=_int_malloc
1640 50 0 0 0 0 0 0 0 0
1871 75 1 1 25 1 1 0 0 0
3513 175 1 1 0 0 0 150 0 0
3545 325 1 1 0 0 0 25 0 0
3549 50 0 0 0 0 0 0 0 0
3573 50 1 1 25 0 0 0 0 0
3578 69 0 0 23 0 0 0 0 0
3580 46 0 0 0 0 0 0 0 0
3631 4 1 1 0 0 0 0 0 0
3633 625 2 2 0 0 0 250 0 0
3634 100 1 1 0 0 0 0 0 0
3636 75 0 0 25 0 0 0 0 0
3695 175 1 1 0 0 0 0 0 0
3712 73 0 0 24 0 0 0 0 0
3713 100 0 0 0 0 0 25 0 0
3714 100 1 1 50 0 0 0 0 0
3718 125 1 1 0 0 0 100 0 0
3723 25 0 0 0 0 0 0 0 0
3724 75 0 0 0 0 0 0 0 0
3755 100 0 0 0 0 0 50 0 0
3797 75 0 0 50 1 0 25 0 0
3884 75 1 1 25 0 0 25 0 0
3898 50 1 1 0 0 0 0 0 0
3909 50 1 1 0 0 0 0 0 0
3982 50 1 1 25 0 0 0 0 0
3983 50 0 0 0 0 0 0 0 0
3984 50 0 0 0 0 0 0 0 0
3985 50 0 0 25 0 0 0 0 0
3986 75 0 0 0 0 0 0 0 0
3991 50 0 0 0 0 0 0 0 0
3995 297 1 1 0 0 0 0 0 0
3998 296 0 0 74 0 0 0 0 0
4095 25 0 0 25 0 0 0 0 0
4096 50 0 0 25 0 0 0 0 0
4098 50 0 0 25 1 0 0 0 0
4101 75 1 1 0 0 0 0 0 0
4103 24 0 0 0 0 0 0 0 0
4104 24 0 0 0 0 0 0 0 0
4105 24 0 0 0 0 0 24 0 0
4106 192 1 1 0 0 0 24 0 0
4108 72 0 0 0 0 0 24 18 18
4111 24 0 0 0 0 0 0 0 0
4118 3 0 0 1 0 0 0 0 0
4133 4 1 1 0 0 0 1 0 0
4134 2 0 0 0 0 0 0 0 0
4139 225 1 1 175 0 0 0 0 0
fn=free
3078 2 1 1 0 0 0 1 0 0
3083 2 0 0 2 0 0 0 0 0
3084 2 0 0 0 0 0 0 0 0
3090 2 0 0 0 0 0 0 0 0
3093 1 0 0 0 0 0 0 0 0
3095 3 1 1 1 0 0 0 0 0
3113 3 0 0 2 0 0 0 0 0
3115 3 0 0 0 0 0 0 0 0
3116 2 0 0 0 0 0 0 0 0
3117 2 0 0 1 0 0 0 0 0
fn=malloc
2975 4 0 0 2 1 0 1 0 0
3020 125 1 1 0 0 0 100 0 0
3025 50 0 0 50 3 0 0 0 0
3026 50 0 0 0 0 0 0 0 0
3027 2 1 1 1 0 0 0 0 0
3031 264 2 2 0 0 0 0 0 0
3032 96 0 0 0 0 0 0 0 0
3034 96 0 0 48 1 0 0 0 0
3037 48 0 0 24 0 0 0 0 0
3039 28 1 1 1 0 0 0 0 0
3040 72 0 0 24 0 0 0 0 0
3047 96 1 1 24 0 0 0 0 0
3049 96 0 0 0 0 0 24 0 0
3050 168 1 1 24 0 0 0 0 0
3073 173 1 1 124 0 0 0 0 0
fn=malloc_init_state
1798 258 1 1 0 0 0 0 0 0
1801 381 0 0 0 0 0 254 33 32
1805 3 0 0 0 0 0 0 0 0
1809 2 1 1 0 0 0 1 1 1
1810 1 0 0 0 0 0 1 1 1
1812 1 0 0 0 0 0 1 0 0
1813 1 0 0 1 0 0 0 0 0
fn=realloc
3122 14 1 1 0 0 0 12 0 0
3129 4 1 1 4 1 0 0 0 0
3130 4 0 0 0 0 0 0 0 0
3131 2 1 1 1 0 0 0 0 0
3134 8 0 0 0 0 0 0 0 0
3141 2 0 0 0 0 0 0 0 0
3142 2 0 0 0 0 0 0 0 0
3241 14 1 1 12 0 0 0 0 0
fn=sysmalloc
2258 8 1 1 0 0 0 6 0 0
2278 2 0 0 2 0 0 0 0 0
2289 2 0 0 0 0 0 0 0 0
2290 4 1 1 1 1 1 0 0 0
2305 4 0 0 0 0 0 1 0 0
2371 1 0 0 1 0 0 0 0 0
2372 3 0 0 1 0 0 0 0 0
2373 1 0 0 0 0 0 0 0 0
2382 4 0 0 0 0 0 0 0 0
2388 4 1 1 0 0 0 1 0 0
2391 3 0 0 0 0 0 0 0 0
2444 5 1 1 1 0 0 0 0 0
2452 2 0 0 1 0 0 0 0 0
2463 2 0 0 0 0 0 0 0 0
2471 2 0 0 0 0 0 0 0 0
2473 6 1 1 2 1 0 3 0 0
2477 4 0 0 2 0 0 0 0 0
2480 4 0 0 2 1 0 0 0 0
2481 2 0 0 0 0 0 0 0 0
2527 2 1 1 1 0 0 0 0 0
2528 2 1 1 0 0 0 1 0 0
2529 3 0 0 1 0 0 1 0 0
2535 2 0 0 0 0 0 0 0 0
2538 4 1 1 1 0 0 0 0 0
2572 2 0 0 0 0 0 0 0 0
2578 3 1 1 0 0 0 0 0 0
2600 2 0 0 0 0 0 0 0 0
2601 5 0 0 0 0 0 0 0 0
2603 1 1 1 0 0 0 0 0 0
2604 2 0 0 2 0 0 1 0 0
2616 2 0 0 0 0 0 0 0 0
2624 2 0 0 2 0 0 0 0 0
2625 5 0 0 2 0 0 0 0 0
2661 3 1 1 0 0 0 1 0 0
2663 1 1 1 0 0 0 1 0 0
2664 4 0 0 0 0 0 1 1 1
2665 1 0 0 0 0 0 1 0 0
2676 2 0 0 0 0 0 0 0 0
2708 2 1 1 1 0 0 0 0 0
2709 1 0 0 0 0 0 1 0 0
2714 2 1 1 1 0 0 0 0 0
2717 2 0 0 1 0 0 0 0 0
2719 3 0 0 0 0 0 0 0 0
2720 1 0 0 0 0 0 0 0 0
2721 3 0 0 0 0 0 1 0 0
2722 3 0 0 0 0 0 1 0 0
2723 2 1 1 0 0 0 1 1 1
2725 2 0 0 0 0 0 0 0 0
2731 9 1 1 7 0 0 0 0 0
fn=tcache_init.part.6
2969 1 0 0 0 0 0 1 0 0
2978 10 2 2 4 1 0 0 0 0
2979 4 0 0 0 0 0 1 0 0
2980 2 1 1 0 0 0 0 0 0
2988 4 0 0 2 0 0 0 0 0
2995 2 0 0 0 0 0 0 0 0
2997 2 1 1 1 0 0 1 0 0
2998 80 0 0 0 0 0 73 8 8
3001 2 0 0 2 0 0 0 0 0
fl=/build/glibc-vjB4T1/glibc-2.28/malloc/morecore.c
fn=__default_morecore
46 2 1 1 0 0 0 0 0 0
47 2 0 0 0 0 0 2 0 0
49 6 0 0 0 0 0 0 0 0
52 4 0 0 2 0 0 0 0 0
fl=/build/glibc-vjB4T1/glibc-2.28/malloc/scratch_buffer_set_array_size.c
fn=__libc_scratch_buffer_set_array_size
30 8 0 0 0 0 0 6 0 0
31 4 0 0 0 0 0 0 0 0
34 4 1 1 0 0 0 0 0 0
35 4 0 0 0 0 0 0 0 0
45 4 0 0 2 0 0 0 0 0
46 2 0 0 0 0 0 0 0 0
63 8 1 1 8 0 0 0 0 0
fl=/build/glibc-vjB4T1/glibc-2.28/misc/../sysdeps/unix/syscall-template.S
fn=mprotect
78 20 1 1 0 0 0 0 0 0
79 5 0 0 5 0 0 0 0 0
fn=munmap
78 4 0 0 0 0 0 0 0 0
79 1 0 0 1 0 0 0 0 0
fl=/build/glibc-vjB4T1/glibc-2.28/misc/../sysdeps/unix/sysv/linux/mmap64.c
fn=mmap
41 132 1 1 0 0 0 66 0 0
44 22 1 1 0 0 0 0 0 0
47 30 1 1 0 0 0 0 0 0
52 110 0 0 0 0 0 0 0 0
54 77 0 0 77 0 0 0 0 0
fl=/build/glibc-vjB4T1/glibc-2.28/misc/../sysdeps/unix/sysv/linux/x86_64/brk.c
fn=brk
31 12 1 1 2 0 0 2 0 0
33 4 0 0 0 0 0 0 0 0
39 2 0 0 0 0 0 0 0 0
40 2 0 0 2 0 0 0 0 0
fl=/build/glibc-vjB4T1/glibc-2.28/misc/init-misc.c
fn=__init_misc
30 3 0 0 0 0 0 2 0 0
31 6 1 1 1 0 0 0 0 0
33 3 0 0 0 0 0 1 0 0
37 5 0 0 1 1 0 1 1 0
38 3 1 1 2 0 0 1 0 0
40 4 0 0 3 0 0 0 0 0
fl=/build/glibc-vjB4T1/glibc-2.28/misc/sbrk.c
fn=sbrk
32 8 1 1 0 0 0 6 0 0
40 11 0 0 5 2 0 0 0 0
41 6 2 2 1 0 0 1 0 0
44 4 0 0 0 0 0 0 0 0
48 6 0 0 0 0 0 0 0 0
56 4 0 0 0 0 0 1 0 0
60 10 0 0 8 0 0 0 0 0
fl=/build/glibc-vjB4T1/glibc-2.28/nptl/../malloc/dynarray-skeleton.c
fn=__run_fork_handlers
239 2 1 1 2 1 1 0 0 0
fl=/build/glibc-vjB4T1/glibc-2.28/nptl/register-atfork.c
fn=__run_fork_handlers
111 14 1 1 0 0 0 8 0 0
114 4 1 1 0 0 0 0 0 0
116 2 0 0 0 0 0 0 0 0
119 2 0 0 0 0 0 0 0 0
121 1 0 0 0 0 0 0 0 0
129 4 0 0 0 0 0 0 0 0
137 2 1 1 0 0 0 0 0 0
140 12 1 1 10 0 0 0 0 0
fl=/build/glibc-vjB4T1/glibc-2.28/posix/../sysdeps/nptl/fork.c
fn=fork
49 5 1 1 0 0 0 4 0 0
56 4 1 1 1 0 0 0 0 0
58 3 0 0 0 0 0 1 0 0
65 2 0 0 0 0 0 0 0 0
76 1 0 0 1 0 0 0 0 0
78 2 0 0 0 0 0 0 0 0
142 2 1 1 0 0 0 0 0 0
152 3 0 0 0 0 0 1 0 0
156 7 0 0 5 0 0 0 0 0
fl=/build/glibc-vjB4T1/glibc-2.28/posix/../sysdeps/unix/bsd/wait3.c
fn=wait3
30 5 1 1 0 0 0 0 0 0
fl=/build/glibc-vjB4T1/glibc-2.28/posix/../sysdeps/unix/syscall-template.S
fn=getegid
59 2 1 1 0 0 0 0 0 0
60 1 0 0 1 0 0 0 0 0
fn=geteuid
59 4 0 0 0 0 0 0 0 0
60 2 0 0 2 0 0 0 0 0
fn=getgid
59 2 0 0 0 0 0 0 0 0
60 1 0 0 1 0 0 0 0 0
fn=getpid
59 2 1 1 0 0 0 0 0 0
60 1 0 0 1 0 0 0 0 0
fn=getppid
59 2 0 0 0 0 0 0 0 0
60 1 0 0 1 0 0 0 0 0
fn=getuid
59 2 1 1 0 0 0 0 0 0
60 1 0 0 1 0 0 0 0 0
fn=uname
78 4 1 1 0 0 0 0 0 0
79 1 0 0 1 0 0 0 0 0
fn=wait4
78 5 0 0 0 0 0 0 0 0
79 1 0 0 1 0 0 0 0 0
fl=/build/glibc-vjB4T1/glibc-2.28/posix/../sysdeps/unix/sysv/linux/_exit.c
fn=_Exit
27 1 1 1 0 0 0 0 0 0
31 4 1 1 0 0 0 0 0 0
33 3 0 0 1 0 0 0 0 0
fl=/build/glibc-vjB4T1/glibc-2.28/posix/../sysdeps/unix/sysv/linux/arch-fork.h
fn=fork
49 9 1 1 0 0 0 0 0 0
53 1 0 0 0 0 0 0 0 0
fl=/build/glibc-vjB4T1/glibc-2.28/setjmp/../sysdeps/x86_64/bsd-_setjmp.S
fn=_setjmp
30 5 2 1 0 0 0 0 0 0
32 5 0 0 0 0 0 0 0 0
fl=/build/glibc-vjB4T1/glibc-2.28/setjmp/../sysdeps/x86_64/setjmp.S
fn=__sigsetjmp
32 8 3 2 0 0 0 8 2 2
41 8 0 0 0 0 0 0 0 0
42 16 2 1 8 0 0 0 0 0
43 8 0 0 0 0 0 8 0 0
47 8 0 0 0 0 0 8 1 1
48 8 0 0 0 0 0 8 0 0
49 8 0 0 0 0 0 8 1 1
50 8 0 0 0 0 0 8 0 0
51 8 0 0 0 0 0 0 0 0
53 16 0 0 8 0 0 0 0 0
55 8 0 0 0 0 0 8 0 0
56 8 0 0 8 0 0 0 0 0
59 16 1 1 8 0 0 0 0 0
61 8 2 1 0 0 0 8 0 0
80 3 0 0 0 0 0 0 0 0
81 3 0 0 3 0 0 0 0 0
84 5 0 0 0 0 0 0 0 0
fl=/build/glibc-vjB4T1/glibc-2.28/setjmp/sigjmp.c
fn=__sigjmp_save
28 10 0 0 0 0 0 5 0 0
29 15 0 0 0 0 0 5 0 0
34 15 0 0 10 0 0 0 0 0
fl=/build/glibc-vjB4T1/glibc-2.28/signal/../nptl/sigaction.c
fn=sigaction
24 35 2 1 0 0 0 0 0 0
30 7 0 0 0 0 0 0 0 0
fl=/build/glibc-vjB4T1/glibc-2.28/signal/../sysdeps/unix/sysv/linux/internal-signals.h
fn=sigaction
45 7 0 0 0 0 0 0 0 0
fn=sigfillset
53 8 0 0 4 0 0 0 0 0
fl=/build/glibc-vjB4T1/glibc-2.28/signal/../sysdeps/unix/sysv/linux/sigaction.c
fn=__libc_sigaction
43 35 1 1 7 0 0 7 0 0
48 14 0 0 0 0 0 0 0 0
50 8 0 0 4 0 0 4 0 0
51 68 2 2 32 0 0 32 0 0
53 24 0 0 4 0 0 8 0 0
58 90 1 1 0 0 0 0 0 0
62 20 0 0 0 0 0 0 0 0
64 6 0 0 3 0 0 3 0 0
65 48 2 2 24 0 0 24 0 0
66 6 0 0 3 0 0 3 0 0
67 6 0 0 3 0 0 3 0 0
70 35 1 1 21 0 0 0 0 0
fl=/build/glibc-vjB4T1/glibc-2.28/signal/sigfillset.c
fn=sigfillset
27 8 1 1 0 0 0 0 0 0
33 36 1 1 0 0 0 32 0 0
37 4 0 0 0 0 0 0 0 0
38 4 0 0 4 0 0 0 0 0
fl=/build/glibc-vjB4T1/glibc-2.28/stdio-common/../libio/libioP.h
fn=vfprintf
832 5 0 0 0 0 0 1 0 0
834 7 0 0 2 0 0 1 0 0
835 6 1 1 2 0 0 0 0 0
fl=/build/glibc-vjB4T1/glibc-2.28/stdio-common/_itoa.c
fn=_itoa_word
168 4 1 1 0 0 0 0 0 0
170 2 0 0 0 0 0 0 0 0
179 53 2 2 4 1 1 4 0 0
188 2 0 0 1 0 0 0 0 0
fl=/build/glibc-vjB4T1/glibc-2.28/stdio-common/printf-parse.h
fn=vfprintf
108 7 2 2 1 0 0 3 2 0
fl=/build/glibc-vjB4T1/glibc-2.28/stdio-common/vfprintf.c
fn=vfprintf
1239 14 2 2 1 0 0 8 1 0
1270 3 0 0 2 0 0 1 0 0
1274 1 0 0 0 0 0 1 0 0
1278 5 1 1 1 0 0 0 0 0
1282 5 1 1 2 0 0 0 0 0
1293 3 0 0 0 0 0 0 0 0
1300 1 1 1 0 0 0 1 0 0
1304 4 0 0 2 0 0 2 0 0
1308 1 0 0 0 0 0 1 0 0
1315 1 0 0 0 0 0 1 0 0
1319 3 0 0 0 0 0 1 0 0
1323 11 2 2 4 1 0 1 0 0
1327 3 0 0 2 0 0 0 0 0
1331 8 1 1 3 2 0 1 0 0
1352 1 0 0 0 0 0 1 0 0
1353 1 0 0 0 0 0 1 0 0
1354 2 0 0 0 0 0 1 0 0
1355 1 0 0 0 0 0 1 0 0
1356 2 1 1 1 1 1 1 0 0
1357 1 0 0 0 0 0 0 0 0
1358 1 0 0 0 0 0 0 0 0
1359 1 1 1 0 0 0 0 0 0
1360 1 0 0 0 0 0 0 0 0
1361 1 0 0 0 0 0 1 0 0
1362 1 0 0 0 0 0 0 0 0
1365 1 0 0 0 0 0 1 0 0
1366 1 0 0 0 0 0 1 0 0
1369 1 0 0 0 0 0 1 0 0
1370 5 0 0 0 0 0 2 0 0
1373 13 0 0 2 1 1 1 0 0
1610 18 2 2 4 1 1 1 0 0
1631 1 0 0 0 0 0 0 0 0
1632 1 0 0 0 0 0 0 0 0
1637 100 18 18 25 0 0 8 0 0
1638 2 1 1 0 0 0 0 0 0
1655 1 1 1 1 0 0 0 0 0
1657 2 0 0 1 0 0 0 0 0
1665 4 0 0 1 0 0 2 0 0
1669 19 0 0 3 0 0 1 0 0
1671 3 1 1 1 0 0 0 0 0
1691 2 1 1 1 0 0 0 0 0
1692 3 0 0 1 0 0 0 0 0
1695 12 1 1 9 0 0 0 0 0
fl=/build/glibc-vjB4T1/glibc-2.28/stdlib/../stdlib/strtol.c
fn=__strtol_internal
98 3 1 1 2 1 0 0 0 0
fn=strtol
106 12 0 0 6 0 0 0 0 0
fl=/build/glibc-vjB4T1/glibc-2.28/stdlib/../stdlib/strtol_l.c
fn=____strtol_l_internal
226 36 1 1 0 0 0 28 0 0
245 4 1 1 0 0 0 0 0 0
246 8 0 0 0 0 0 0 0 0
252 8 0 0 0 0 0 0 0 0
280 4 0 0 0 0 0 0 0 0
283 16 0 0 0 0 0 0 0 0
292 24 0 0 12 1 0 0 0 0
294 8 1 1 0 0 0 0 0 0
298 4 0 0 0 0 0 4 0 0
299 8 0 0 0 0 0 0 0 0
304 4 0 0 0 0 0 0 0 0
305 12 0 0 0 0 0 0 0 0
308 12 1 1 4 0 0 0 0 0
318 8 0 0 0 0 0 0 0 0
325 8 1 1 0 0 0 0 0 0
328 16 0 0 0 0 0 4 0 0
378 4 0 0 0 0 0 0 0 0
432 8 0 0 4 0 0 0 0 0
434 36 1 1 4 1 0 0 0 0
436 21 1 1 0 0 0 0 0 0
443 6 0 0 0 0 0 0 0 0
450 12 0 0 0 0 0 4 0 0
460 22 0 0 7 0 0 0 0 0
464 12 0 0 0 0 0 0 0 0
467 12 0 0 0 0 0 0 0 0
472 8 0 0 0 0 0 0 0 0
473 12 0 0 0 0 0 0 0 0
478 8 1 1 0 0 0 0 0 0
483 12 0 0 4 0 0 0 0 0
484 1 0 0 0 0 0 1 0 0
489 8 0 0 0 0 0 0 0 0
490 8 1 1 0 0 0 0 0 0
492 12 1 1 4 0 0 0 0 0
525 32 1 1 28 0 0 0 0 0
fl=/build/glibc-vjB4T1/glibc-2.28/stdlib/cxa_atexit.c
fn=__cxa_atexit
66 2 1 1 0 0 0 0 0 0
fn=__internal_atexit
36 9 1 1 0 0 0 4 0 0
39 7 0 0 2 2 2 0 0 0
40 2 1 1 0 0 0 1 0 0
42 2 0 0 0 0 0 0 0 0
49 2 0 0 1 0 0 0 0 0
51 1 0 0 0 0 0 1 0 0
52 1 0 0 0 0 0 1 0 0
53 1 0 0 0 0 0 1 0 0
54 1 0 0 0 0 0 1 0 0
55 4 1 1 2 0 0 0 0 0
56 1 0 0 0 0 0 0 0 0
57 6 0 0 5 0 0 0 0 0
fn=__new_exitfn
78 4 0 0 0 0 0 2 0 0
79 2 0 0 0 0 0 0 0 0
84 2 1 1 1 1 0 0 0 0
89 7 2 2 2 1 0 0 0 0
91 3 0 0 1 1 0 0 0 0
99 2 0 0 0 0 0 1 0 0
120 1 1 1 0 0 0 0 0 0
121 2 0 0 0 0 0 1 0 0
134 1 1 1 0 0 0 1 0 0
135 1 0 0 1 0 0 0 0 0
139 4 0 0 3 0 0 0 0 0
fl=/build/glibc-vjB4T1/glibc-2.28/string/../bits/stdlib-bsearch.h
fn=intel_check_word.isra.0
27 24 0 0 0 0 0 0 0 0
28 12 0 0 0 0 0 0 0 0
29 162 0 0 0 0 0 0 0 0
31 162 0 0 0 0 0 0 0 0
32 81 0 0 0 0 0 0 0 0
35 66 0 0 0 0 0 0 0 0
37 30 0 0 0 0 0 0 0 0
fl=/build/glibc-vjB4T1/glibc-2.28/string/../sysdeps/x86/cacheinfo.c
fn=handle_intel.constprop.1
259 30 1 1 3 0 0 21 0 0
261 3 1 1 3 0 0 0 0 0
264 9 0 0 3 0 0 0 0 0
270 6 1 1 0 0 0 3 0 0
272 3 0 0 0 0 0 3 0 0
273 3 0 0 0 0 0 3 0 0
275 9 0 0 0 0 0 0 0 0
281 15 0 0 0 0 0 6 0 0
286 6 0 0 0 0 0 0 0 0
288 6 0 0 0 0 0 3 0 0
289 3 0 0 0 0 0 0 0 0
293 18 1 1 0 0 0 3 0 0
295 6 0 0 0 0 0 0 0 0
298 21 0 0 0 0 0 3 0 0
300 6 0 0 0 0 0 0 0 0
319 33 1 1 27 0 0 0 0 0
fn=init_cacheinfo
488 7 0 0 0 0 0 6 0 0
500 2 1 1 1 0 0 1 0 0
502 6 1 1 4 0 0 0 0 0
504 3 0 0 0 0 0 1 0 0
506 3 1 1 0 0 0 2 0 0
510 1 0 0 0 0 0 1 0 0
511 3 0 0 0 0 0 1 0 0
519 2 0 0 0 0 0 0 0 0
530 1 0 0 0 0 0 0 0 0
535 3 0 0 1 0 0 0 0 0
539 2 1 1 1 0 0 0 0 0
547 9 0 0 0 0 0 0 0 0
550 14 1 1 0 0 0 0 0 0
556 8 0 0 0 0 0 0 0 0
559 26 0 0 0 0 0 0 0 0
564 2 0 0 0 0 0 0 0 0
568 3 1 1 0 0 0 0 0 0
569 2 0 0 0 0 0 0 0 0
573 2 0 0 0 0 0 0 0 0
577 3 0 0 0 0 0 0 0 0
580 3 0 0 0 0 0 0 0 0
581 1 0 0 0 0 0 0 0 0
586 8 0 0 0 0 0 0 0 0
592 2 1 1 1 0 0 0 0 0
600 9 1 1 1 0 0 0 0 0
602 7 0 0 0 0 0 0 0 0
604 7 1 1 0 0 0 0 0 0
606 6 0 0 0 0 0 0 0 0
609 2 0 0 0 0 0 0 0 0
610 8 0 0 0 0 0 0 0 0
612 4 0 0 0 0 0 0 0 0
615 2 0 0 0 0 0 0 0 0
620 1 0 0 0 0 0 0 0 0
622 4 0 0 0 0 0 0 0 0
623 2 0 0 0 0 0 0 0 0
624 2 1 1 0 0 0 0 0 0
627 2 0 0 0 0 0 0 0 0
630 2 1 1 0 0 0 0 0 0
633 1 0 0 0 0 0 0 0 0
634 2 0 0 1 0 0 0 0 0
637 1 0 0 0 0 0 0 0 0
639 4 0 0 0 0 0 0 0 0
640 1 0 0 0 0 0 0 0 0
645 2 0 0 0 0 0 0 0 0
651 2 0 0 0 0 0 0 0 0
652 2 0 0 0 0 0 0 0 0
653 1 0 0 0 0 0 0 0 0
654 2 0 0 1 0 0 0 0 0
691 4 0 0 0 0 0 0 0 0
692 5 0 0 0 0 0 0 0 0
696 2 1 1 0 0 0 0 0 0
755 2 0 0 0 0 0 0 0 0
758 2 1 1 0 0 0 0 0 0
760 3 0 0 0 0 0 1 0 0
761 1 0 0 0 0 0 1 1 1
763 1 0 0 0 0 0 0 0 0
764 3 0 0 0 0 0 1 0 0
765 1 0 0 0 0 0 1 0 0
768 2 0 0 0 0 0 0 0 0
771 2 0 0 0 0 0 0 0 0
773 3 0 0 0 0 0 1 0 0
774 1 1 1 0 0 0 1 1 1
776 1 0 0 0 0 0 0 0 0
777 3 0 0 0 0 0 1 0 0
778 1 0 0 0 0 0 1 0 0
786 2 0 0 1 0 0 1 1 1
788 8 0 0 1 0 0 0 0 0
789 8 0 0 7 0 0 0 0 0
fn=intel_check_word.isra.0
119 162 0 0 81 6 6 0 0 0
122 81 0 0 0 0 0 0 0 0
128 36 1 1 0 0 0 24 0 0
132 12 1 1 0 0 0 0 0 0
134 3 1 1 0 0 0 0 0 0
138 42 0 0 0 0 0 0 0 0
140 48 0 0 0 0 0 0 0 0
142 15 1 1 0 0 0 0 0 0
144 30 0 0 0 0 0 0 0 0
152 30 0 0 0 0 0 0 0 0
161 3 0 0 0 0 0 0 0 0
164 30 1 1 0 0 0 0 0 0
167 24 0 0 0 0 0 0 0 0
171 16 0 0 0 0 0 0 0 0
173 38 1 1 0 0 0 0 0 0
174 6 0 0 0 0 0 0 0 0
175 14 0 0 0 0 0 0 0 0
176 4 0 0 0 0 0 0 0 0
177 10 0 0 0 0 0 0 0 0
178 6 0 0 0 0 0 0 0 0
179 2 1 1 0 0 0 0 0 0
181 3 0 0 0 0 0 0 0 0
183 6 0 0 0 0 0 0 0 0
185 9 1 1 0 0 0 0 0 0
186 12 0 0 0 0 0 0 0 0
187 9 1 1 0 0 0 0 0 0
188 15 0 0 0 0 0 0 0 0
196 5 0 0 0 0 0 0 0 0
203 24 0 0 0 0 0 0 0 0
225 12 1 1 0 0 0 0 0 0
255 36 0 0 30 0 0 0 0 0
fl=/build/glibc-vjB4T1/glibc-2.28/string/../sysdeps/x86_64/multiarch/../strchr.S
fn=index
24 6 1 1 0 0 0 0 0 0
25 6 0 0 0 0 0 0 0 0
26 6 0 0 0 0 0 0 0 0
27 6 0 0 0 0 0 0 0 0
28 6 0 0 0 0 0 0 0 0
29 6 0 0 0 0 0 0 0 0
30 6 0 0 0 0 0 0 0 0
31 6 0 0 0 0 0 0 0 0
32 6 0 0 6 2 2 0 0 0
33 6 0 0 0 0 0 0 0 0
34 6 0 0 0 0 0 0 0 0
35 6 1 1 0 0 0 0 0 0
36 6 0 0 0 0 0 0 0 0
37 6 0 0 0 0 0 0 0 0
38 6 0 0 0 0 0 0 0 0
39 6 0 0 0 0 0 0 0 0
40 6 0 0 0 0 0 0 0 0
41 4 0 0 0 0 0 0 0 0
45 4 0 0 0 0 0 0 0 0
46 4 0 0 0 0 0 0 0 0
47 4 0 0 4 0 0 0 0 0
48 4 0 0 0 0 0 0 0 0
50 4 0 0 4 0 0 0 0 0
54 2 0 0 2 0 0 0 0 0
55 2 0 0 0 0 0 0 0 0
56 2 0 0 0 0 0 0 0 0
57 2 0 0 0 0 0 0 0 0
58 2 0 0 0 0 0 0 0 0
59 2 1 1 0 0 0 0 0 0
60 2 0 0 2 1 1 0 0 0
61 2 0 0 0 0 0 0 0 0
62 2 0 0 0 0 0 0 0 0
63 2 0 0 0 0 0 0 0 0
64 2 0 0 0 0 0 0 0 0
65 2 0 0 0 0 0 0 0 0
66 2 0 0 0 0 0 0 0 0
67 2 0 0 2 0 0 0 0 0
68 2 0 0 0 0 0 0 0 0
69 2 0 0 0 0 0 0 0 0
70 2 0 0 0 0 0 0 0 0
71 2 0 0 0 0 0 0 0 0
72 2 0 0 0 0 0 0 0 0
73 2 0 0 0 0 0 0 0 0
74 2 0 0 0 0 0 0 0 0
75 2 1 1 0 0 0 0 0 0
76 2 0 0 0 0 0 0 0 0
77 3 0 0 0 0 0 0 0 0
82 1 0 0 0 0 0 0 0 0
83 1 0 0 0 0 0 0 0 0
86 1 0 0 0 0 0 0 0 0
87 1 0 0 1 0 0 0 0 0
88 1 0 0 1 0 0 0 0 0
89 1 0 0 1 0 0 0 0 0
90 1 0 0 0 0 0 0 0 0
91 1 0 0 1 0 0 0 0 0
92 1 0 0 0 0 0 0 0 0
93 1 0 0 0 0 0 0 0 0
94 1 0 0 1 0 0 0 0 0
95 1 1 1 0 0 0 0 0 0
96 1 0 0 1 0 0 0 0 0
97 1 0 0 1 0 0 0 0 0
98 1 0 0 0 0 0 0 0 0
99 1 0 0 1 0 0 0 0 0
100 1 0 0 0 0 0 0 0 0
101 1 0 0 0 0 0 0 0 0
102 1 0 0 0 0 0 0 0 0
103 1 0 0 0 0 0 0 0 0
105 1 0 0 0 0 0 0 0 0
106 1 0 0 0 0 0 0 0 0
108 1 0 0 1 0 0 0 0 0
109 1 0 0 0 0 0 0 0 0
110 1 0 0 0 0 0 0 0 0
111 1 0 0 0 0 0 0 0 0
112 1 0 0 0 0 0 0 0 0
113 1 1 1 0 0 0 0 0 0
114 1 0 0 0 0 0 0 0 0
115 1 0 0 0 0 0 0 0 0
117 1 0 0 0 0 0 0 0 0
118 1 0 0 0 0 0 0 0 0
119 1 0 0 0 0 0 0 0 0
120 1 0 0 0 0 0 0 0 0
121 1 0 0 0 0 0 0 0 0
122 1 0 0 0 0 0 0 0 0
123 1 0 0 0 0 0 0 0 0
124 1 0 0 0 0 0 0 0 0
125 1 0 0 0 0 0 0 0 0
126 1 0 0 0 0 0 0 0 0
129 2 0 0 0 0 0 0 0 0
133 2 0 0 0 0 0 0 0 0
134 2 0 0 0 0 0 0 0 0
135 2 0 0 2 0 0 0 0 0
136 2 1 1 0 0 0 0 0 0
138 2 0 0 2 0 0 0 0 0
fl=/build/glibc-vjB4T1/glibc-2.28/string/../sysdeps/x86_64/multiarch/../strlen.S
fn=strlen
79 14 1 1 0 0 0 0 0 0
80 14 0 0 0 0 0 0 0 0
81 14 0 0 0 0 0 0 0 0
82 14 0 0 0 0 0 0 0 0
83 14 1 1 0 0 0 0 0 0
84 14 0 0 0 0 0 0 0 0
85 14 0 0 0 0 0 0 0 0
87 14 0 0 0 0 0 0 0 0
89 14 0 0 0 0 0 0 0 0
120 14 0 0 14 3 3 0 0 0
121 14 0 0 0 0 0 0 0 0
122 14 0 0 0 0 0 0 0 0
123 14 0 0 0 0 0 0 0 0
124 14 0 0 0 0 0 0 0 0
125 8 0 0 0 0 0 0 0 0
127 8 0 0 8 0 0 0 0 0
131 6 0 0 0 0 0 0 0 0
132 6 0 0 6 0 0 0 0 0
133 6 0 0 6 1 1 0 0 0
134 6 0 0 6 0 0 0 0 0
135 6 1 1 0 0 0 0 0 0
136 6 0 0 0 0 0 0 0 0
137 6 0 0 0 0 0 0 0 0
138 6 0 0 0 0 0 0 0 0
139 6 0 0 0 0 0 0 0 0
140 6 0 0 0 0 0 0 0 0
141 6 0 0 0 0 0 0 0 0
142 6 0 0 0 0 0 0 0 0
147 42 0 0 3 0 0 0 0 0
221 3 1 1 3 0 0 0 0 0
222 3 0 0 3 0 0 0 0 0
223 3 0 0 3 0 0 0 0 0
224 3 1 1 3 0 0 0 0 0
225 3 0 0 0 0 0 0 0 0
226 3 0 0 0 0 0 0 0 0
227 3 0 0 0 0 0 0 0 0
228 3 0 0 0 0 0 0 0 0
244 3 1 1 0 0 0 0 0 0
246 3 0 0 0 0 0 0 0 0
247 42 1 1 12 0 0 0 0 0
249 3 0 0 0 0 0 0 0 0
250 3 0 0 0 0 0 0 0 0
251 3 0 0 0 0 0 0 0 0
253 3 0 0 3 0 0 0 0 0
fl=/build/glibc-vjB4T1/glibc-2.28/string/../sysdeps/x86_64/multiarch/ifunc-avx2.h
fn=memchr
30 4 0 0 0 0 0 0 0 0
32 3 1 1 2 0 0 0 0 0
fn=memrchr
30 4 0 0 0 0 0 0 0 0
32 3 1 1 2 0 0 0 0 0
fn=rawmemchr
30 4 0 0 0 0 0 0 0 0
32 3 1 1 2 0 0 0 0 0
fn=rindex
30 4 0 0 0 0 0 0 0 0
32 3 0 0 2 0 0 0 0 0
fn=strchrnul
30 8 0 0 0 0 0 0 0 0
32 6 1 1 4 0 0 0 0 0
fn=strlen
30 8 0 0 0 0 0 0 0 0
32 6 1 1 4 0 0 0 0 0
fn=strnlen
30 8 1 1 0 0 0 0 0 0
32 6 1 1 4 0 0 0 0 0
fl=/build/glibc-vjB4T1/glibc-2.28/string/../sysdeps/x86_64/multiarch/ifunc-memcmp.h
fn=bcmp
32 2 0 0 0 0 0 0 0 0
33 5 1 1 3 0 0 0 0 0
34 2 0 0 0 0 0 0 0 0
35 3 0 0 0 0 0 0 0 0
fl=/build/glibc-vjB4T1/glibc-2.28/string/../sysdeps/x86_64/multiarch/ifunc-memmove.h
fn=memcpy@@GLIBC_2.14
44 6 0 0 0 0 0 0 0 0
45 4 1 1 4 0 0 0 0 0
48 4 0 0 0 0 0 0 0 0
49 4 1 1 0 0 0 0 0 0
60 4 0 0 0 0 0 0 0 0
62 10 0 0 4 0 0 0 0 0
fn=memmove
44 9 0 0 0 0 0 0 0 0
45 6 2 2 6 2 0 0 0 0
48 6 0 0 0 0 0 0 0 0
49 6 0 0 0 0 0 0 0 0
60 6 0 0 0 0 0 0 0 0
62 15 0 0 6 1 0 0 0 0
fn=mempcpy
44 6 0 0 0 0 0 0 0 0
45 4 1 1 4 0 0 0 0 0
48 4 0 0 0 0 0 0 0 0
49 4 1 1 0 0 0 0 0 0
60 4 0 0 0 0 0 0 0 0
62 10 0 0 4 0 0 0 0 0
fl=/build/glibc-vjB4T1/glibc-2.28/string/../sysdeps/x86_64/multiarch/ifunc-memset.h
fn=memset
42 10 1 1 4 0 0 0 0 0
45 4 0 0 0 0 0 0 0 0
46 4 0 0 0 0 0 0 0 0
57 8 0 0 2 0 0 0 0 0
59 10 1 1 2 0 0 0 0 0
fl=/build/glibc-vjB4T1/glibc-2.28/string/../sysdeps/x86_64/multiarch/ifunc-sse4_2.h
fn=strcspn
30 10 2 2 4 0 0 0 0 0
fn=strpbrk
30 10 1 1 4 0 0 0 0 0
fn=strspn
30 10 1 1 4 0 0 0 0 0
fl=/build/glibc-vjB4T1/glibc-2.28/string/../sysdeps/x86_64/multiarch/ifunc-strcasecmp.h
fn=strcasecmp
32 10 1 1 4 0 0 0 0 0
fn=strcasecmp_l
32 5 1 1 2 0 0 0 0 0
fn=strncasecmp
32 5 0 0 2 0 0 0 0 0
fn=strncasecmp_l
32 5 1 1 2 0 0 0 0 0
fl=/build/glibc-vjB4T1/glibc-2.28/string/../sysdeps/x86_64/multiarch/ifunc-unaligned-ssse3.h
fn=stpcpy
33 8 1 1 4 0 0 0 0 0
fn=stpncpy
33 8 1 1 4 0 0 0 0 0
fn=strcat
33 4 2 2 2 0 0 0 0 0
fn=strcpy
33 8 0 0 4 0 0 0 0 0
fn=strncpy
33 4 1 1 2 0 0 0 0 0
fl=/build/glibc-vjB4T1/glibc-2.28/string/../sysdeps/x86_64/multiarch/memchr.c
fn=memchr
29 1 0 0 1 0 0 0 0 0
fl=/build/glibc-vjB4T1/glibc-2.28/string/../sysdeps/x86_64/multiarch/memcmp.c
fn=bcmp
29 1 0 0 1 0 0 0 0 0
fl=/build/glibc-vjB4T1/glibc-2.28/string/../sysdeps/x86_64/multiarch/memmove-vec-unaligned-erms.S
fn=__memcpy_avx_unaligned_erms
226 1 1 1 0 0 0 0 0 0
232 4 0 0 0 0 0 0 0 0
233 4 0 0 0 0 0 0 0 0
234 2 0 0 0 0 0 0 0 0
235 2 1 1 0 0 0 0 0 0
277 2 1 1 0 0 0 0 0 0
278 2 0 0 0 0 0 0 0 0
280 1 0 0 0 0 0 0 0 0
281 1 0 0 0 0 0 0 0 0
282 1 0 0 0 0 0 0 0 0
283 1 0 0 0 0 0 0 0 0
284 1 0 0 0 0 0 0 0 0
285 1 0 0 0 0 0 0 0 0
304 1 0 0 1 0 0 0 0 0
305 1 0 0 1 0 0 0 0 0
306 1 0 0 0 0 0 1 0 0
307 1 0 0 0 0 0 1 0 0
308 1 0 0 1 0 0 0 0 0
326 1 0 0 1 0 0 0 0 0
327 1 0 0 1 0 0 0 0 0
328 1 0 0 0 0 0 1 1 1
329 1 0 0 0 0 0 1 0 0
330 1 0 0 1 0 0 0 0 0
334 2 1 1 0 0 0 0 0 0
335 2 0 0 0 0 0 0 0 0
340 2 0 0 0 0 0 0 0 0
341 2 0 0 0 0 0 0 0 0
342 2 1 1 0 0 0 0 0 0
343 2 0 0 0 0 0 0 0 0
365 2 1 1 2 0 0 0 0 0
366 2 0 0 2 0 0 0 0 0
367 2 0 0 2 0 0 0 0 0
368 2 0 0 2 0 0 0 0 0
369 2 0 0 0 0 0 2 0 0
370 2 0 0 0 0 0 2 0 0
371 2 1 1 0 0 0 2 0 0
372 2 0 0 0 0 0 2 0 0
373 2 0 0 0 0 0 0 0 0
374 2 0 0 2 0 0 0 0 0
fn=__mempcpy_avx_unaligned_erms
213 3 0 0 0 0 0 0 0 0
214 3 0 0 0 0 0 0 0 0
215 3 0 0 0 0 0 0 0 0
fn=memcpy
128 15 1 1 0 0 0 0 0 0
134 41 0 0 0 0 0 0 0 0
135 41 0 0 0 0 0 0 0 0
136 12 0 0 0 0 0 0 0 0
137 12 0 0 0 0 0 0 0 0
142 8 0 0 8 1 0 0 0 0
143 8 0 0 8 0 0 0 0 0
144 8 0 0 0 0 0 8 3 3
145 8 0 0 0 0 0 8 1 1
150 8 0 0 8 0 0 0 0 0
280 29 0 0 0 0 0 0 0 0
281 29 0 0 0 0 0 0 0 0
282 9 0 0 0 0 0 0 0 0
283 9 0 0 0 0 0 0 0 0
284 4 0 0 0 0 0 0 0 0
285 4 0 0 0 0 0 0 0 0
286 2 0 0 0 0 0 0 0 0
287 1 0 0 1 0 0 0 0 0
288 1 0 0 0 0 0 1 1 1
290 2 0 0 2 0 0 0 0 0
312 20 0 0 20 1 1 0 0 0
313 20 0 0 20 0 0 0 0 0
314 20 0 0 0 0 0 20 4 4
315 20 0 0 0 0 0 20 0 0
316 20 0 0 20 0 0 0 0 0
319 5 0 0 5 0 0 0 0 0
320 5 0 0 5 0 0 0 0 0
321 5 0 0 0 0 0 5 1 1
322 5 0 0 0 0 0 5 0 0
323 5 0 0 5 0 0 0 0 0
326 2 1 1 2 1 1 0 0 0
327 2 0 0 2 0 0 0 0 0
328 2 0 0 0 0 0 2 1 1
329 2 0 0 0 0 0 2 0 0
330 2 0 0 2 0 0 0 0 0
340 4 0 0 0 0 0 0 0 0
341 4 0 0 0 0 0 0 0 0
342 4 0 0 0 0 0 0 0 0
343 4 0 0 0 0 0 0 0 0
345 4 0 0 4 0 0 0 0 0
346 4 0 0 4 0 0 0 0 0
347 4 0 0 4 0 0 0 0 0
348 4 1 1 4 0 0 0 0 0
349 4 0 0 4 0 0 0 0 0
350 4 0 0 4 0 0 0 0 0
351 4 0 0 4 0 0 0 0 0
352 4 0 0 4 0 0 0 0 0
353 4 0 0 0 0 0 4 2 2
354 4 0 0 0 0 0 4 3 3
355 4 0 0 0 0 0 4 0 0
356 4 0 0 0 0 0 4 0 0
357 4 0 0 0 0 0 4 1 1
358 4 0 0 0 0 0 4 0 0
359 4 0 0 0 0 0 4 0 0
360 4 0 0 0 0 0 4 0 0
362 4 0 0 4 0 0 0 0 0
fn=mempcpy
115 26 1 1 0 0 0 0 0 0
116 26 0 0 0 0 0 0 0 0
117 26 0 0 0 0 0 0 0 0
fl=/build/glibc-vjB4T1/glibc-2.28/string/../sysdeps/x86_64/multiarch/memrchr.c
fn=memrchr
29 1 0 0 1 0 0 0 0 0
fl=/build/glibc-vjB4T1/glibc-2.28/string/../sysdeps/x86_64/multiarch/memset-vec-unaligned-erms.S
fn=memset
109 30 1 1 0 0 0 0 0 0
115 6 0 0 0 0 0 0 0 0
116 6 0 0 0 0 0 0 0 0
117 2 1 1 0 0 0 0 0 0
118 2 0 0 0 0 0 0 0 0
188 2 0 0 0 0 0 0 0 0
189 2 0 0 0 0 0 0 0 0
199 2 0 0 0 0 0 0 0 0
200 2 0 0 0 0 0 2 2 2
201 2 0 0 0 0 0 0 0 0
202 2 0 0 0 0 0 2 2 2
203 2 1 1 0 0 0 2 0 0
204 2 0 0 0 0 0 2 0 0
205 2 0 0 0 0 0 2 1 1
206 2 0 0 0 0 0 2 0 0
207 2 0 0 0 0 0 2 0 0
208 2 0 0 0 0 0 2 0 0
209 2 0 0 0 0 0 0 0 0
210 2 0 0 0 0 0 0 0 0
211 2 0 0 0 0 0 0 0 0
212 2 0 0 0 0 0 0 0 0
214 31 0 0 0 0 0 31 28 28
215 31 0 0 0 0 0 31 0 0
216 31 0 0 0 0 0 31 0 0
217 31 0 0 0 0 0 31 0 0
218 31 0 0 0 0 0 0 0 0
219 31 0 0 0 0 0 0 0 0
220 31 0 0 0 0 0 0 0 0
221 2 0 0 2 0 0 0 0 0
236 4 1 1 0 0 0 0 0 0
237 4 0 0 0 0 0 0 0 0
238 4 0 0 0 0 0 0 0 0
239 3 0 0 0 0 0 0 0 0
240 3 0 0 0 0 0 0 0 0
241 1 0 0 0 0 0 0 0 0
242 1 0 0 0 0 0 0 0 0
266 1 0 0 0 0 0 1 1 1
267 1 0 0 0 0 0 1 0 0
269 1 0 0 1 0 0 0 0 0
272 2 0 0 0 0 0 2 0 0
273 2 0 0 0 0 0 2 0 0
275 2 0 0 2 0 0 0 0 0
278 1 0 0 0 0 0 1 0 0
279 1 0 0 0 0 0 1 0 0
281 1 0 0 1 0 0 0 0 0
fl=/build/glibc-vjB4T1/glibc-2.28/string/../sysdeps/x86_64/multiarch/rawmemchr.c
fn=rawmemchr
31 1 0 0 1 0 0 0 0 0
fl=/build/glibc-vjB4T1/glibc-2.28/string/../sysdeps/x86_64/multiarch/stpcpy.c
fn=stpcpy
33 2 0 0 2 0 0 0 0 0
fl=/build/glibc-vjB4T1/glibc-2.28/string/../sysdeps/x86_64/multiarch/stpncpy.c
fn=stpncpy
31 2 0 0 2 0 0 0 0 0
fl=/build/glibc-vjB4T1/glibc-2.28/string/../sysdeps/x86_64/multiarch/strcasecmp.c
fn=strcasecmp
31 2 1 1 2 0 0 0 0 0
fl=/build/glibc-vjB4T1/glibc-2.28/string/../sysdeps/x86_64/multiarch/strcasecmp_l.c
fn=strcasecmp_l
31 1 0 0 1 0 0 0 0 0
fl=/build/glibc-vjB4T1/glibc-2.28/string/../sysdeps/x86_64/multiarch/strcat.c
fn=strcat
29 1 0 0 1 0 0 0 0 0
fl=/build/glibc-vjB4T1/glibc-2.28/string/../sysdeps/x86_64/multiarch/strchr-avx2.S
fn=__strchr_avx2
45 5 1 1 0 0 0 0 0 0
47 5 0 0 0 0 0 0 0 0
48 5 0 0 0 0 0 0 0 0
49 5 0 0 0 0 0 0 0 0
51 5 0 0 0 0 0 0 0 0
52 5 0 0 0 0 0 0 0 0
53 5 0 0 0 0 0 0 0 0
57 3 0 0 3 0 0 0 0 0
58 3 0 0 0 0 0 0 0 0
59 3 0 0 0 0 0 0 0 0
60 3 0 0 0 0 0 0 0 0
61 3 0 0 0 0 0 0 0 0
62 3 0 0 0 0 0 0 0 0
63 3 0 0 0 0 0 0 0 0
74 2 1 1 0 0 0 0 0 0
75 2 0 0 0 0 0 0 0 0
76 2 0 0 2 0 0 0 0 0
77 2 0 0 0 0 0 0 0 0
78 2 0 0 0 0 0 0 0 0
79 2 0 0 0 0 0 0 0 0
80 2 0 0 0 0 0 0 0 0
82 2 0 0 0 0 0 0 0 0
83 2 0 0 0 0 0 0 0 0
84 2 0 0 0 0 0 0 0 0
86 2 0 0 0 0 0 0 0 0
87 2 0 0 0 0 0 0 0 0
91 2 0 0 0 0 0 0 0 0
92 2 0 0 0 0 0 0 0 0
93 2 1 1 2 0 0 0 0 0
94 2 0 0 0 0 0 0 0 0
96 2 0 0 0 0 0 0 0 0
97 2 0 0 2 0 0 0 0 0
184 3 1 1 0 0 0 0 0 0
188 3 0 0 0 0 0 0 0 0
189 3 0 0 0 0 0 0 0 0
190 3 0 0 3 0 0 0 0 0
191 3 0 0 0 0 0 0 0 0
193 3 0 0 0 0 0 0 0 0
194 3 0 0 3 0 0 0 0 0
fn=__strchrnul_avx2
45 7 1 1 0 0 0 0 0 0
47 7 0 0 0 0 0 0 0 0
48 7 0 0 0 0 0 0 0 0
49 7 0 0 0 0 0 0 0 0
51 7 1 1 0 0 0 0 0 0
52 7 0 0 0 0 0 0 0 0
53 7 0 0 0 0 0 0 0 0
57 3 0 0 3 1 1 0 0 0
58 3 0 0 0 0 0 0 0 0
59 3 0 0 0 0 0 0 0 0
60 3 0 0 0 0 0 0 0 0
61 3 0 0 0 0 0 0 0 0
62 3 0 0 0 0 0 0 0 0
63 3 0 0 0 0 0 0 0 0
74 4 1 1 0 0 0 0 0 0
75 4 0 0 0 0 0 0 0 0
76 4 0 0 4 0 0 0 0 0
77 4 0 0 0 0 0 0 0 0
78 4 0 0 0 0 0 0 0 0
79 4 0 0 0 0 0 0 0 0
80 4 0 0 0 0 0 0 0 0
82 4 0 0 0 0 0 0 0 0
83 4 0 0 0 0 0 0 0 0
84 4 0 0 0 0 0 0 0 0
86 4 0 0 0 0 0 0 0 0
87 4 0 0 0 0 0 0 0 0
89 4 0 0 0 0 0 0 0 0
96 4 0 0 0 0 0 0 0 0
97 4 0 0 4 0 0 0 0 0
184 3 1 1 0 0 0 0 0 0
186 3 0 0 0 0 0 0 0 0
193 3 0 0 0 0 0 0 0 0
194 3 0 0 3 0 0 0 0 0
fl=/build/glibc-vjB4T1/glibc-2.28/string/../sysdeps/x86_64/multiarch/strchr.c
fn=index
38 6 0 0 0 0 0 0 0 0
40 8 0 0 4 0 0 0 0 0
49 2 0 0 2 0 0 0 0 0
fl=/build/glibc-vjB4T1/glibc-2.28/string/../sysdeps/x86_64/multiarch/strchrnul.c
fn=strchrnul
31 2 0 0 2 0 0 0 0 0
fl=/build/glibc-vjB4T1/glibc-2.28/string/../sysdeps/x86_64/multiarch/strcmp-avx2.S
fn=__strcmp_avx2
92 5 1 1 0 0 0 0 0 0
93 5 0 0 0 0 0 0 0 0
95 5 0 0 0 0 0 0 0 0
96 5 0 0 0 0 0 0 0 0
97 5 0 0 0 0 0 0 0 0
98 5 1 1 0 0 0 0 0 0
99 5 0 0 0 0 0 0 0 0
101 5 0 0 5 0 0 0 0 0
102 5 0 0 5 3 3 0 0 0
103 5 0 0 0 0 0 0 0 0
104 5 0 0 0 0 0 0 0 0
105 5 0 0 0 0 0 0 0 0
106 5 0 0 0 0 0 0 0 0
107 5 0 0 0 0 0 0 0 0
108 5 0 0 0 0 0 0 0 0
126 5 0 0 5 0 0 0 0 0
127 5 0 0 5 0 0 0 0 0
128 5 0 0 0 0 0 0 0 0
130 5 0 0 0 0 0 0 0 0
131 5 0 0 5 0 0 0 0 0
fl=/build/glibc-vjB4T1/glibc-2.28/string/../sysdeps/x86_64/multiarch/strcmp.c
fn=strcmp
39 6 1 1 0 0 0 0 0 0
41 8 1 1 4 0 0 0 0 0
53 2 0 0 2 0 0 0 0 0
fl=/build/glibc-vjB4T1/glibc-2.28/string/../sysdeps/x86_64/multiarch/strcpy.c
fn=strcpy
29 2 0 0 2 0 0 0 0 0
fl=/build/glibc-vjB4T1/glibc-2.28/string/../sysdeps/x86_64/multiarch/strcspn-c.c
fn=__strcspn_sse42
84 14 1 1 7 1 1 0 0 0
90 21 0 0 0 0 0 0 0 0
93 14 1 1 0 0 0 0 0 0
96 7 0 0 0 0 0 0 0 0
100 28 0 0 0 0 0 0 0 0
137 21 0 0 0 0 0 0 0 0
140 12 0 0 0 0 0 0 0 0
143 5 0 0 0 0 0 0 0 0
148 5 0 0 0 0 0 0 0 0
152 16 0 0 0 0 0 0 0 0
153 8 0 0 4 0 0 0 0 0
154 4 0 0 0 0 0 0 0 0
165 6 0 0 0 0 0 0 0 0
166 8 0 0 2 0 0 0 0 0
167 3 0 0 0 0 0 0 0 0
168 3 0 0 0 0 0 0 0 0
173 1 0 0 1 0 0 0 0 0
fn=__strpbrk_sse42
84 8 1 1 4 1 1 0 0 0
85 4 0 0 0 0 0 0 0 0
90 12 0 0 0 0 0 0 0 0
93 8 1 1 0 0 0 0 0 0
96 4 0 0 0 0 0 0 0 0
100 16 1 1 0 0 0 0 0 0
137 12 0 0 0 0 0 0 0 0
140 4 0 0 0 0 0 0 0 0
143 2 0 0 0 0 0 0 0 0
148 2 0 0 0 0 0 0 0 0
152 8 0 0 0 0 0 0 0 0
154 2 0 0 0 0 0 0 0 0
165 8 1 1 0 0 0 0 0 0
167 12 0 0 0 0 0 0 0 0
173 4 0 0 4 0 0 0 0 0
fl=/build/glibc-vjB4T1/glibc-2.28/string/../sysdeps/x86_64/multiarch/strcspn.c
fn=strcspn
29 2 0 0 2 0 0 0 0 0
fl=/build/glibc-vjB4T1/glibc-2.28/string/../sysdeps/x86_64/multiarch/strlen-avx2.S
fn=__strlen_avx2
55 3 1 1 0 0 0 0 0 0
56 3 0 0 0 0 0 0 0 0
57 3 0 0 0 0 0 0 0 0
60 3 0 0 0 0 0 0 0 0
61 3 0 0 0 0 0 0 0 0
62 3 1 1 0 0 0 0 0 0
65 2 0 0 2 0 0 0 0 0
66 2 0 0 0 0 0 0 0 0
67 2 0 0 0 0 0 0 0 0
75 2 0 0 0 0 0 0 0 0
79 1 0 0 0 0 0 0 0 0
80 1 0 0 0 0 0 0 0 0
81 1 0 0 0 0 0 0 0 0
90 1 0 0 0 0 0 0 0 0
94 1 0 0 0 0 0 0 0 0
95 1 0 0 0 0 0 0 0 0
96 1 0 0 1 0 0 0 0 0
97 1 0 0 0 0 0 0 0 0
99 1 0 0 0 0 0 0 0 0
100 1 0 0 0 0 0 0 0 0
101 1 0 0 0 0 0 0 0 0
131 1 1 1 0 0 0 0 0 0
141 2 0 0 2 0 0 0 0 0
142 2 0 0 0 0 0 0 0 0
143 2 0 0 0 0 0 0 0 0
144 2 0 0 0 0 0 0 0 0
146 2 0 0 2 0 0 0 0 0
147 2 0 0 0 0 0 0 0 0
148 2 0 0 0 0 0 0 0 0
149 2 0 0 0 0 0 0 0 0
335 1 1 1 0 0 0 0 0 0
336 1 0 0 0 0 0 0 0 0
337 1 0 0 0 0 0 0 0 0
341 1 0 0 0 0 0 0 0 0
342 1 0 0 1 0 0 0 0 0
346 2 1 1 0 0 0 0 0 0
347 2 0 0 0 0 0 0 0 0
348 2 0 0 0 0 0 0 0 0
349 2 0 0 0 0 0 0 0 0
353 2 0 0 0 0 0 0 0 0
354 2 0 0 2 0 0 0 0 0
fl=/build/glibc-vjB4T1/glibc-2.28/string/../sysdeps/x86_64/multiarch/strlen.c
fn=strlen
29 2 0 0 2 0 0 0 0 0
fl=/build/glibc-vjB4T1/glibc-2.28/string/../sysdeps/x86_64/multiarch/strncase.c
fn=strncasecmp
31 1 1 1 1 0 0 0 0 0
fl=/build/glibc-vjB4T1/glibc-2.28/string/../sysdeps/x86_64/multiarch/strncase_l.c
fn=strncasecmp_l
31 1 1 1 1 0 0 0 0 0
fl=/build/glibc-vjB4T1/glibc-2.28/string/../sysdeps/x86_64/multiarch/strncmp.c
fn=strncmp
39 3 0 0 0 0 0 0 0 0
41 4 1 1 2 0 0 0 0 0
54 1 0 0 1 0 0 0 0 0
fl=/build/glibc-vjB4T1/glibc-2.28/string/../sysdeps/x86_64/multiarch/strncpy.c
fn=strncpy
29 1 1 1 1 0 0 0 0 0
fl=/build/glibc-vjB4T1/glibc-2.28/string/../sysdeps/x86_64/multiarch/strnlen.c
fn=strnlen
31 2 0 0 2 0 0 0 0 0
fl=/build/glibc-vjB4T1/glibc-2.28/string/../sysdeps/x86_64/multiarch/strpbrk.c
fn=strpbrk
29 2 0 0 2 0 0 0 0 0
fl=/build/glibc-vjB4T1/glibc-2.28/string/../sysdeps/x86_64/multiarch/strrchr-avx2.S
fn=__strrchr_avx2
43 1 1 1 0 0 0 0 0 0
44 1 0 0 0 0 0 0 0 0
46 1 0 0 0 0 0 0 0 0
47 1 0 0 0 0 0 0 0 0
50 1 0 0 0 0 0 0 0 0
51 1 0 0 0 0 0 0 0 0
52 1 0 0 0 0 0 0 0 0
85 1 1 1 0 0 0 0 0 0
86 1 0 0 0 0 0 0 0 0
87 1 0 0 1 1 0 0 0 0
88 1 0 0 0 0 0 0 0 0
89 1 0 0 0 0 0 0 0 0
90 1 0 0 0 0 0 0 0 0
91 1 0 0 0 0 0 0 0 0
92 1 0 0 0 0 0 0 0 0
93 1 0 0 0 0 0 0 0 0
94 1 0 0 0 0 0 0 0 0
97 1 0 0 0 0 0 0 0 0
98 1 0 0 0 0 0 0 0 0
107 1 1 1 0 0 0 0 0 0
108 1 0 0 0 0 0 0 0 0
111 1 0 0 0 0 0 0 0 0
112 2 0 0 0 0 0 0 0 0
116 1 0 0 1 1 0 0 0 0
117 1 0 0 0 0 0 0 0 0
118 1 0 0 0 0 0 0 0 0
119 1 0 0 0 0 0 0 0 0
120 1 0 0 0 0 0 0 0 0
121 1 0 0 0 0 0 0 0 0
122 1 0 0 0 0 0 0 0 0
123 1 0 0 0 0 0 0 0 0
155 1 1 1 0 0 0 0 0 0
156 1 0 0 0 0 0 0 0 0
158 1 0 0 0 0 0 0 0 0
159 1 0 0 0 0 0 0 0 0
160 1 0 0 0 0 0 0 0 0
161 1 0 0 0 0 0 0 0 0
167 1 0 0 0 0 0 0 0 0
168 1 0 0 0 0 0 0 0 0
169 1 0 0 0 0 0 0 0 0
170 1 0 0 1 0 0 0 0 0
175 1 0 0 0 0 0 0 0 0
176 1 0 0 0 0 0 0 0 0
177 1 0 0 0 0 0 0 0 0
192 1 1 1 0 0 0 0 0 0
193 1 0 0 0 0 0 0 0 0
194 1 0 0 0 0 0 0 0 0
195 1 0 0 0 0 0 0 0 0
196 1 0 0 0 0 0 0 0 0
198 1 0 0 0 0 0 0 0 0
fl=/build/glibc-vjB4T1/glibc-2.28/string/../sysdeps/x86_64/multiarch/strrchr.c
fn=rindex
28 1 0 0 1 0 0 0 0 0
fl=/build/glibc-vjB4T1/glibc-2.28/string/../sysdeps/x86_64/multiarch/strspn.c
fn=strspn
29 2 0 0 2 0 0 0 0 0
fl=/build/glibc-vjB4T1/glibc-2.28/string/../sysdeps/x86_64/multiarch/strstr.c
fn=strstr
44 6 2 2 3 0 0 0 0 0
fl=/build/glibc-vjB4T1/glibc-2.28/string/../sysdeps/x86_64/strcmp.S
fn=strcmp
144 706 1 1 0 0 0 0 0 0
145 706 0 0 0 0 0 0 0 0
147 706 0 0 0 0 0 0 0 0
148 706 0 0 0 0 0 0 0 0
169 706 0 0 0 0 0 0 0 0
170 706 0 0 0 0 0 0 0 0
171 607 0 0 0 0 0 0 0 0
172 607 0 0 0 0 0 0 0 0
173 502 0 0 502 57 40 0 0 0
174 502 0 0 502 8 2 0 0 0
175 502 0 0 502 0 0 0 0 0
176 502 0 0 502 0 0 0 0 0
197 502 0 0 0 0 0 0 0 0
198 502 0 0 0 0 0 0 0 0
199 502 1 1 0 0 0 0 0 0
200 502 0 0 0 0 0 0 0 0
201 502 0 0 0 0 0 0 0 0
202 502 0 0 0 0 0 0 0 0
203 502 0 0 0 0 0 0 0 0
208 10 0 0 0 0 0 0 0 0
209 10 0 0 0 0 0 0 0 0
218 214 0 0 0 0 0 0 0 0
219 214 0 0 0 0 0 0 0 0
220 214 0 0 0 0 0 0 0 0
221 214 0 0 0 0 0 0 0 0
222 214 0 0 0 0 0 0 0 0
223 214 0 0 0 0 0 0 0 0
224 214 0 0 0 0 0 0 0 0
225 214 0 0 0 0 0 0 0 0
226 148 0 0 0 0 0 0 0 0
227 122 0 0 0 0 0 0 0 0
228 122 0 0 0 0 0 0 0 0
229 122 1 1 0 0 0 0 0 0
231 148 0 0 0 0 0 0 0 0
232 148 0 0 0 0 0 0 0 0
233 148 0 0 0 0 0 0 0 0
234 148 0 0 148 5 2 0 0 0
235 148 0 0 0 0 0 0 0 0
236 148 0 0 0 0 0 0 0 0
246 66 0 0 66 1 0 0 0 0
247 66 0 0 0 0 0 0 0 0
248 66 0 0 0 0 0 0 0 0
250 66 0 0 66 3 1 0 0 0
256 66 0 0 0 0 0 0 0 0
257 66 0 0 0 0 0 0 0 0
258 66 0 0 0 0 0 0 0 0
259 66 0 0 0 0 0 0 0 0
260 66 1 1 0 0 0 0 0 0
265 66 0 0 0 0 0 0 0 0
267 63 0 0 0 0 0 0 0 0
268 63 0 0 0 0 0 0 0 0
269 126 0 0 0 0 0 0 0 0
277 63 0 0 63 1 0 0 0 0
278 63 0 0 63 0 0 0 0 0
281 63 0 0 0 0 0 0 0 0
282 63 0 0 0 0 0 0 0 0
283 63 0 0 0 0 0 0 0 0
284 63 0 0 0 0 0 0 0 0
285 63 0 0 0 0 0 0 0 0
286 63 1 1 0 0 0 0 0 0
447 1 1 1 0 0 0 0 0 0
448 1 0 0 1 0 0 0 0 0
449 1 0 0 1 1 1 0 0 0
450 1 0 0 0 0 0 0 0 0
451 1 0 0 0 0 0 0 0 0
453 1 0 0 0 0 0 0 0 0
454 1 0 0 0 0 0 0 0 0
455 1 0 0 0 0 0 0 0 0
456 1 0 0 0 0 0 0 0 0
457 1 0 0 0 0 0 0 0 0
458 1 0 0 0 0 0 0 0 0
459 1 0 0 0 0 0 0 0 0
460 1 0 0 1 0 0 0 0 0
463 1 0 0 0 0 0 0 0 0
464 1 0 0 0 0 0 0 0 0
465 1 1 1 0 0 0 0 0 0
471 1 0 0 0 0 0 0 0 0
472 1 0 0 0 0 0 0 0 0
473 2 0 0 0 0 0 0 0 0
477 1 0 0 0 0 0 0 0 0
478 1 0 0 0 0 0 0 0 0
481 1 0 0 1 1 1 0 0 0
482 1 0 0 1 0 0 0 0 0
483 1 0 0 0 0 0 0 0 0
486 1 0 0 0 0 0 0 0 0
487 1 1 1 0 0 0 0 0 0
488 1 0 0 0 0 0 0 0 0
494 1 0 0 0 0 0 0 0 0
495 1 0 0 0 0 0 0 0 0
496 1 0 0 0 0 0 0 0 0
497 1 0 0 0 0 0 0 0 0
498 1 0 0 0 0 0 0 0 0
499 1 0 0 0 0 0 0 0 0
571 3 1 1 0 0 0 0 0 0
572 3 0 0 3 0 0 0 0 0
573 3 0 0 3 1 1 0 0 0
574 3 0 0 0 0 0 0 0 0
575 3 0 0 0 0 0 0 0 0
577 3 0 0 0 0 0 0 0 0
578 3 0 0 0 0 0 0 0 0
579 3 0 0 0 0 0 0 0 0
580 3 0 0 0 0 0 0 0 0
581 3 0 0 0 0 0 0 0 0
582 3 0 0 0 0 0 0 0 0
583 3 0 0 0 0 0 0 0 0
584 3 0 0 3 0 0 0 0 0
588 3 0 0 0 0 0 0 0 0
589 3 0 0 0 0 0 0 0 0
590 3 1 1 0 0 0 0 0 0
596 3 0 0 0 0 0 0 0 0
597 3 0 0 0 0 0 0 0 0
598 6 0 0 0 0 0 0 0 0
602 3 0 0 0 0 0 0 0 0
603 3 0 0 0 0 0 0 0 0
606 3 0 0 3 1 1 0 0 0
607 3 0 0 3 0 0 0 0 0
608 3 0 0 0 0 0 0 0 0
611 3 0 0 0 0 0 0 0 0
612 3 1 1 0 0 0 0 0 0
613 3 0 0 0 0 0 0 0 0
619 3 0 0 0 0 0 0 0 0
620 3 0 0 0 0 0 0 0 0
621 3 0 0 0 0 0 0 0 0
622 3 0 0 0 0 0 0 0 0
623 3 0 0 0 0 0 0 0 0
624 3 0 0 0 0 0 0 0 0
696 1 1 1 0 0 0 0 0 0
697 1 0 0 1 0 0 0 0 0
698 1 0 0 1 1 1 0 0 0
699 1 0 0 0 0 0 0 0 0
700 1 0 0 0 0 0 0 0 0
702 1 0 0 0 0 0 0 0 0
703 1 0 0 0 0 0 0 0 0
704 1 0 0 0 0 0 0 0 0
705 1 0 0 0 0 0 0 0 0
706 1 0 0 0 0 0 0 0 0
707 1 0 0 0 0 0 0 0 0
708 1 0 0 0 0 0 0 0 0
709 1 0 0 1 0 0 0 0 0
713 1 0 0 0 0 0 0 0 0
714 1 0 0 0 0 0 0 0 0
715 1 1 1 0 0 0 0 0 0
721 1 0 0 0 0 0 0 0 0
722 1 0 0 0 0 0 0 0 0
723 2 0 0 0 0 0 0 0 0
727 1 0 0 0 0 0 0 0 0
728 1 0 0 0 0 0 0 0 0
731 1 0 0 1 0 0 0 0 0
732 1 0 0 1 0 0 0 0 0
733 1 0 0 0 0 0 0 0 0
736 1 0 0 0 0 0 0 0 0
737 1 1 1 0 0 0 0 0 0
738 1 0 0 0 0 0 0 0 0
744 1 0 0 0 0 0 0 0 0
745 1 0 0 0 0 0 0 0 0
746 1 0 0 0 0 0 0 0 0
747 1 0 0 0 0 0 0 0 0
748 1 0 0 0 0 0 0 0 0
749 1 0 0 0 0 0 0 0 0
821 1 1 1 0 0 0 0 0 0
822 1 0 0 1 0 0 0 0 0
823 1 0 0 1 0 0 0 0 0
824 1 0 0 0 0 0 0 0 0
825 1 0 0 0 0 0 0 0 0
827 1 0 0 0 0 0 0 0 0
828 1 0 0 0 0 0 0 0 0
829 1 0 0 0 0 0 0 0 0
830 1 0 0 0 0 0 0 0 0
831 1 0 0 0 0 0 0 0 0
832 1 0 0 0 0 0 0 0 0
833 1 0 0 0 0 0 0 0 0
834 1 0 0 1 0 0 0 0 0
838 1 0 0 0 0 0 0 0 0
839 1 0 0 0 0 0 0 0 0
840 1 1 1 0 0 0 0 0 0
846 1 0 0 0 0 0 0 0 0
847 1 0 0 0 0 0 0 0 0
848 2 0 0 0 0 0 0 0 0
852 1 0 0 0 0 0 0 0 0
853 1 0 0 0 0 0 0 0 0
856 1 0 0 1 0 0 0 0 0
857 1 0 0 1 0 0 0 0 0
858 1 0 0 0 0 0 0 0 0
861 1 0 0 0 0 0 0 0 0
862 1 1 1 0 0 0 0 0 0
863 1 0 0 0 0 0 0 0 0
869 1 0 0 0 0 0 0 0 0
870 1 0 0 0 0 0 0 0 0
871 1 0 0 0 0 0 0 0 0
872 1 0 0 0 0 0 0 0 0
873 1 0 0 0 0 0 0 0 0
874 1 0 0 0 0 0 0 0 0
946 2 1 1 0 0 0 0 0 0
947 2 0 0 2 1 0 0 0 0
948 2 0 0 2 1 0 0 0 0
949 2 0 0 0 0 0 0 0 0
950 2 0 0 0 0 0 0 0 0
952 2 0 0 0 0 0 0 0 0
953 2 0 0 0 0 0 0 0 0
954 2 0 0 0 0 0 0 0 0
955 2 0 0 0 0 0 0 0 0
956 2 0 0 0 0 0 0 0 0
957 2 0 0 0 0 0 0 0 0
958 2 0 0 0 0 0 0 0 0
959 2 0 0 2 0 0 0 0 0
963 2 0 0 0 0 0 0 0 0
964 2 0 0 0 0 0 0 0 0
965 2 1 1 0 0 0 0 0 0
971 2 0 0 0 0 0 0 0 0
972 2 0 0 0 0 0 0 0 0
973 4 0 0 0 0 0 0 0 0
977 2 0 0 0 0 0 0 0 0
978 2 0 0 0 0 0 0 0 0
981 2 0 0 2 0 0 0 0 0
982 2 0 0 2 0 0 0 0 0
983 2 0 0 0 0 0 0 0 0
986 2 0 0 0 0 0 0 0 0
987 2 1 1 0 0 0 0 0 0
988 2 0 0 0 0 0 0 0 0
994 2 0 0 0 0 0 0 0 0
995 2 0 0 0 0 0 0 0 0
996 2 0 0 0 0 0 0 0 0
997 2 0 0 0 0 0 0 0 0
998 2 0 0 0 0 0 0 0 0
999 2 0 0 0 0 0 0 0 0
1071 13 1 1 0 0 0 0 0 0
1072 13 0 0 13 4 2 0 0 0
1073 13 0 0 13 3 1 0 0 0
1074 13 0 0 0 0 0 0 0 0
1075 13 0 0 0 0 0 0 0 0
1077 13 0 0 0 0 0 0 0 0
1078 13 0 0 0 0 0 0 0 0
1079 13 0 0 0 0 0 0 0 0
1080 13 0 0 0 0 0 0 0 0
1081 13 0 0 0 0 0 0 0 0
1082 13 0 0 0 0 0 0 0 0
1083 13 0 0 0 0 0 0 0 0
1084 13 0 0 13 0 0 0 0 0
1088 13 0 0 0 0 0 0 0 0
1089 13 0 0 0 0 0 0 0 0
1090 13 1 1 0 0 0 0 0 0
1096 13 0 0 0 0 0 0 0 0
1097 13 0 0 0 0 0 0 0 0
1098 26 0 0 0 0 0 0 0 0
1102 13 0 0 0 0 0 0 0 0
1103 13 0 0 0 0 0 0 0 0
1106 13 0 0 13 0 0 0 0 0
1107 13 0 0 13 1 1 0 0 0
1108 13 0 0 0 0 0 0 0 0
1111 13 0 0 0 0 0 0 0 0
1112 13 1 1 0 0 0 0 0 0
1113 13 0 0 0 0 0 0 0 0
1119 13 0 0 0 0 0 0 0 0
1120 13 0 0 0 0 0 0 0 0
1121 13 0 0 0 0 0 0 0 0
1122 13 0 0 0 0 0 0 0 0
1123 13 0 0 0 0 0 0 0 0
1124 13 0 0 0 0 0 0 0 0
1196 3 1 1 0 0 0 0 0 0
1197 3 0 0 3 0 0 0 0 0
1198 3 0 0 3 1 1 0 0 0
1199 3 0 0 0 0 0 0 0 0
1200 3 0 0 0 0 0 0 0 0
1202 3 0 0 0 0 0 0 0 0
1203 3 0 0 0 0 0 0 0 0
1204 3 0 0 0 0 0 0 0 0
1205 3 0 0 0 0 0 0 0 0
1206 3 0 0 0 0 0 0 0 0
1207 3 0 0 0 0 0 0 0 0
1208 3 0 0 0 0 0 0 0 0
1209 1 0 0 1 0 0 0 0 0
1213 1 0 0 0 0 0 0 0 0
1214 1 0 0 0 0 0 0 0 0
1215 1 1 1 0 0 0 0 0 0
1221 1 0 0 0 0 0 0 0 0
1222 1 0 0 0 0 0 0 0 0
1223 2 0 0 0 0 0 0 0 0
1227 1 0 0 0 0 0 0 0 0
1228 1 0 0 0 0 0 0 0 0
1231 1 0 0 1 1 1 0 0 0
1232 1 0 0 1 0 0 0 0 0
1233 1 0 0 0 0 0 0 0 0
1236 1 0 0 0 0 0 0 0 0
1237 1 1 1 0 0 0 0 0 0
1238 1 0 0 0 0 0 0 0 0
1244 1 0 0 0 0 0 0 0 0
1245 1 0 0 0 0 0 0 0 0
1246 1 0 0 0 0 0 0 0 0
1247 1 0 0 0 0 0 0 0 0
1248 1 0 0 0 0 0 0 0 0
1249 1 0 0 0 0 0 0 0 0
1321 7 1 1 0 0 0 0 0 0
1322 7 0 0 7 1 0 0 0 0
1323 7 0 0 7 1 1 0 0 0
1324 7 0 0 0 0 0 0 0 0
1325 7 0 0 0 0 0 0 0 0
1327 7 0 0 0 0 0 0 0 0
1328 7 0 0 0 0 0 0 0 0
1329 7 0 0 0 0 0 0 0 0
1330 7 0 0 0 0 0 0 0 0
1331 7 0 0 0 0 0 0 0 0
1332 7 0 0 0 0 0 0 0 0
1333 7 0 0 0 0 0 0 0 0
1334 6 0 0 6 0 0 0 0 0
1338 6 0 0 0 0 0 0 0 0
1339 6 0 0 0 0 0 0 0 0
1340 6 1 1 0 0 0 0 0 0
1346 6 0 0 0 0 0 0 0 0
1347 6 0 0 0 0 0 0 0 0
1348 12 0 0 0 0 0 0 0 0
1352 6 0 0 0 0 0 0 0 0
1353 6 0 0 0 0 0 0 0 0
1356 6 0 0 6 1 1 0 0 0
1357 6 0 0 6 1 1 0 0 0
1358 6 0 0 0 0 0 0 0 0
1361 6 0 0 0 0 0 0 0 0
1362 6 1 1 0 0 0 0 0 0
1363 6 0 0 0 0 0 0 0 0
1369 6 0 0 0 0 0 0 0 0
1370 6 0 0 0 0 0 0 0 0
1371 6 0 0 0 0 0 0 0 0
1372 6 0 0 0 0 0 0 0 0
1373 6 0 0 0 0 0 0 0 0
1374 6 0 0 0 0 0 0 0 0
1446 90 1 1 0 0 0 0 0 0
1447 90 0 0 90 1 0 0 0 0
1448 90 0 0 90 2 1 0 0 0
1449 90 0 0 0 0 0 0 0 0
1450 90 0 0 0 0 0 0 0 0
1452 90 0 0 0 0 0 0 0 0
1453 90 0 0 0 0 0 0 0 0
1454 90 0 0 0 0 0 0 0 0
1455 90 0 0 0 0 0 0 0 0
1456 90 0 0 0 0 0 0 0 0
1457 90 0 0 0 0 0 0 0 0
1458 90 0 0 0 0 0 0 0 0
1459 88 0 0 88 0 0 0 0 0
1463 88 0 0 0 0 0 0 0 0
1464 88 0 0 0 0 0 0 0 0
1465 88 1 1 0 0 0 0 0 0
1471 88 0 0 0 0 0 0 0 0
1472 88 0 0 0 0 0 0 0 0
1473 176 0 0 0 0 0 0 0 0
1477 88 0 0 0 0 0 0 0 0
1478 88 0 0 0 0 0 0 0 0
1481 88 0 0 88 2 2 0 0 0
1482 88 0 0 88 2 1 0 0 0
1483 88 0 0 0 0 0 0 0 0
1486 88 0 0 0 0 0 0 0 0
1487 88 1 1 0 0 0 0 0 0
1488 88 0 0 0 0 0 0 0 0
1494 88 0 0 0 0 0 0 0 0
1495 88 0 0 0 0 0 0 0 0
1496 88 0 0 0 0 0 0 0 0
1497 88 0 0 0 0 0 0 0 0
1498 88 0 0 0 0 0 0 0 0
1499 88 0 0 0 0 0 0 0 0
1571 5 1 1 0 0 0 0 0 0
1572 5 0 0 5 3 3 0 0 0
1573 5 0 0 5 1 1 0 0 0
1574 5 0 0 0 0 0 0 0 0
1575 5 0 0 0 0 0 0 0 0
1577 5 0 0 0 0 0 0 0 0
1578 5 0 0 0 0 0 0 0 0
1579 5 0 0 0 0 0 0 0 0
1580 5 0 0 0 0 0 0 0 0
1581 5 0 0 0 0 0 0 0 0
1582 5 0 0 0 0 0 0 0 0
1583 5 0 0 0 0 0 0 0 0
1584 4 0 0 4 0 0 0 0 0
1588 4 0 0 0 0 0 0 0 0
1589 4 0 0 0 0 0 0 0 0
1590 4 1 1 0 0 0 0 0 0
1596 4 0 0 0 0 0 0 0 0
1597 4 0 0 0 0 0 0 0 0
1598 8 0 0 0 0 0 0 0 0
1602 4 0 0 0 0 0 0 0 0
1603 4 0 0 0 0 0 0 0 0
1606 4 0 0 4 0 0 0 0 0
1607 4 0 0 4 1 1 0 0 0
1608 4 0 0 0 0 0 0 0 0
1611 4 0 0 0 0 0 0 0 0
1612 4 1 1 0 0 0 0 0 0
1613 4 0 0 0 0 0 0 0 0
1619 4 0 0 0 0 0 0 0 0
1620 4 0 0 0 0 0 0 0 0
1621 4 0 0 0 0 0 0 0 0
1622 4 0 0 0 0 0 0 0 0
1623 4 0 0 0 0 0 0 0 0
1624 4 0 0 0 0 0 0 0 0
1696 5 1 1 0 0 0 0 0 0
1697 5 0 0 5 0 0 0 0 0
1698 5 0 0 5 4 4 0 0 0
1699 5 0 0 0 0 0 0 0 0
1700 5 0 0 0 0 0 0 0 0
1702 5 0 0 0 0 0 0 0 0
1703 5 0 0 0 0 0 0 0 0
1704 5 0 0 0 0 0 0 0 0
1705 5 0 0 0 0 0 0 0 0
1706 5 0 0 0 0 0 0 0 0
1707 5 0 0 0 0 0 0 0 0
1708 5 0 0 0 0 0 0 0 0
1709 2 0 0 2 0 0 0 0 0
1713 2 0 0 0 0 0 0 0 0
1714 2 0 0 0 0 0 0 0 0
1715 2 1 1 0 0 0 0 0 0
1721 2 0 0 0 0 0 0 0 0
1722 2 0 0 0 0 0 0 0 0
1723 4 0 0 0 0 0 0 0 0
1727 2 0 0 0 0 0 0 0 0
1728 2 0 0 0 0 0 0 0 0
1731 2 0 0 2 1 1 0 0 0
1732 2 0 0 2 0 0 0 0 0
1733 2 0 0 0 0 0 0 0 0
1736 2 0 0 0 0 0 0 0 0
1737 2 1 1 0 0 0 0 0 0
1738 2 0 0 0 0 0 0 0 0
1744 2 0 0 0 0 0 0 0 0
1745 2 0 0 0 0 0 0 0 0
1746 2 0 0 0 0 0 0 0 0
1747 2 0 0 0 0 0 0 0 0
1748 2 0 0 0 0 0 0 0 0
1749 2 0 0 0 0 0 0 0 0
1821 4 1 1 0 0 0 0 0 0
1822 4 0 0 4 3 2 0 0 0
1823 4 0 0 4 1 1 0 0 0
1824 4 0 0 0 0 0 0 0 0
1825 4 0 0 0 0 0 0 0 0
1827 4 0 0 0 0 0 0 0 0
1828 4 0 0 0 0 0 0 0 0
1829 4 0 0 0 0 0 0 0 0
1830 4 0 0 0 0 0 0 0 0
1831 4 0 0 0 0 0 0 0 0
1832 4 0 0 0 0 0 0 0 0
1833 4 0 0 0 0 0 0 0 0
1834 2 0 0 2 0 0 0 0 0
1838 2 0 0 0 0 0 0 0 0
1839 2 0 0 0 0 0 0 0 0
1840 2 1 1 0 0 0 0 0 0
1846 2 0 0 0 0 0 0 0 0
1847 2 0 0 0 0 0 0 0 0
1848 4 0 0 0 0 0 0 0 0
1852 2 0 0 0 0 0 0 0 0
1853 2 0 0 0 0 0 0 0 0
1856 2 0 0 2 0 0 0 0 0
1857 2 0 0 2 0 0 0 0 0
1858 2 0 0 0 0 0 0 0 0
1861 2 0 0 0 0 0 0 0 0
1862 2 1 1 0 0 0 0 0 0
1863 2 0 0 0 0 0 0 0 0
1869 2 0 0 0 0 0 0 0 0
1870 2 0 0 0 0 0 0 0 0
1871 2 0 0 0 0 0 0 0 0
1872 2 0 0 0 0 0 0 0 0
1873 2 0 0 0 0 0 0 0 0
1874 2 0 0 0 0 0 0 0 0
1946 5 1 1 0 0 0 0 0 0
1947 5 0 0 5 1 1 0 0 0
1948 5 0 0 5 1 1 0 0 0
1949 5 0 0 0 0 0 0 0 0
1950 5 0 0 0 0 0 0 0 0
1952 5 0 0 0 0 0 0 0 0
1953 5 0 0 0 0 0 0 0 0
1954 5 0 0 0 0 0 0 0 0
1955 5 0 0 0 0 0 0 0 0
1956 5 0 0 0 0 0 0 0 0
1957 5 0 0 0 0 0 0 0 0
1958 5 0 0 0 0 0 0 0 0
1959 3 0 0 3 0 0 0 0 0
1963 3 0 0 0 0 0 0 0 0
1964 3 0 0 0 0 0 0 0 0
1965 3 1 1 0 0 0 0 0 0
1971 3 0 0 0 0 0 0 0 0
1972 3 0 0 0 0 0 0 0 0
1973 6 0 0 0 0 0 0 0 0
1977 3 0 0 0 0 0 0 0 0
1978 3 0 0 0 0 0 0 0 0
1981 3 0 0 3 1 1 0 0 0
1982 3 0 0 3 1 1 0 0 0
1983 3 0 0 0 0 0 0 0 0
1986 3 0 0 0 0 0 0 0 0
1987 3 1 1 0 0 0 0 0 0
1988 3 0 0 0 0 0 0 0 0
1994 3 0 0 0 0 0 0 0 0
1995 3 0 0 0 0 0 0 0 0
1996 3 0 0 0 0 0 0 0 0
1997 3 0 0 0 0 0 0 0 0
1998 3 0 0 0 0 0 0 0 0
1999 3 0 0 0 0 0 0 0 0
2071 8 1 1 0 0 0 0 0 0
2072 8 0 0 8 0 0 0 0 0
2073 8 0 0 8 2 2 0 0 0
2074 8 0 0 0 0 0 0 0 0
2075 8 0 0 0 0 0 0 0 0
2077 8 0 0 0 0 0 0 0 0
2078 8 0 0 0 0 0 0 0 0
2079 8 0 0 0 0 0 0 0 0
2080 8 0 0 0 0 0 0 0 0
2081 8 0 0 0 0 0 0 0 0
2082 8 0 0 0 0 0 0 0 0
2083 8 0 0 0 0 0 0 0 0
2085 5 0 0 5 0 0 0 0 0
2089 5 0 0 0 0 0 0 0 0
2090 5 0 0 0 0 0 0 0 0
2091 5 1 1 0 0 0 0 0 0
2097 5 0 0 0 0 0 0 0 0
2098 5 0 0 0 0 0 0 0 0
2100 10 0 0 0 0 0 0 0 0
2104 5 0 0 0 0 0 0 0 0
2105 5 0 0 0 0 0 0 0 0
2108 5 0 0 5 1 1 0 0 0
2109 5 0 0 5 1 1 0 0 0
2110 5 0 0 0 0 0 0 0 0
2113 5 0 0 0 0 0 0 0 0
2114 5 1 1 0 0 0 0 0 0
2115 5 0 0 0 0 0 0 0 0
2121 5 0 0 0 0 0 0 0 0
2122 5 0 0 0 0 0 0 0 0
2123 5 0 0 0 0 0 0 0 0
2124 5 0 0 0 0 0 0 0 0
2125 5 0 0 0 0 0 0 0 0
2126 5 0 0 0 0 0 0 0 0
2200 195 0 0 0 0 0 0 0 0
2202 214 0 0 0 0 0 0 0 0
2203 214 0 0 0 0 0 0 0 0
2204 214 0 0 0 0 0 0 0 0
2205 214 0 0 0 0 0 0 0 0
2206 244 0 0 0 0 0 0 0 0
2211 706 1 1 0 0 0 0 0 0
2217 706 0 0 706 0 0 0 0 0
2218 706 0 0 706 0 0 0 0 0
2226 706 0 0 0 0 0 0 0 0
2227 706 0 0 706 0 0 0 0 0
fl=/build/glibc-vjB4T1/glibc-2.28/string/../sysdeps/x86_64/strcspn.S
fn=strcspn
30 1 1 1 0 0 0 0 0 0
37 1 0 0 0 0 0 0 0 0
38 1 0 0 0 0 0 0 0 0
40 1 0 0 0 0 0 0 0 0
41 1 0 0 0 0 0 0 0 0
42 1 0 0 0 0 0 0 0 0
43 1 0 0 0 0 0 0 0 0
44 33 0 0 0 0 0 32 4 4
47 2 0 0 0 0 0 0 0 0
54 1 0 0 1 1 1 0 0 0
55 1 0 0 0 0 0 0 0 0
56 1 0 0 0 0 0 0 0 0
57 1 0 0 0 0 0 1 0 0
59 1 0 0 1 0 0 0 0 0
60 1 0 0 0 0 0 0 0 0
61 1 1 1 0 0 0 0 0 0
62 1 0 0 0 0 0 1 0 0
64 1 0 0 1 0 0 0 0 0
65 1 0 0 0 0 0 0 0 0
66 1 0 0 0 0 0 0 0 0
75 3 0 0 0 0 0 0 0 0
87 17 0 0 0 0 0 0 0 0
89 17 0 0 17 0 0 0 0 0
90 17 0 0 17 0 0 0 0 0
91 17 0 0 0 0 0 0 0 0
93 16 0 0 16 1 1 0 0 0
94 16 0 0 16 0 0 0 0 0
95 16 0 0 0 0 0 0 0 0
97 16 0 0 16 0 0 0 0 0
98 16 0 0 16 0 0 0 0 0
99 16 0 0 0 0 0 0 0 0
101 16 0 0 16 0 0 0 0 0
102 16 0 0 16 0 0 0 0 0
103 16 0 0 0 0 0 0 0 0
109 1 0 0 0 0 0 0 0 0
116 1 0 0 0 0 0 0 0 0
120 1 0 0 1 0 0 0 0 0
fl=/build/glibc-vjB4T1/glibc-2.28/string/strdup.c
fn=strdup
40 16 2 2 0 0 0 8 0 0
41 8 0 0 0 0 0 4 0 0
42 8 0 0 0 0 0 4 0 0
44 8 0 0 0 0 0 0 0 0
47 16 0 0 0 0 0 0 0 0
48 12 1 1 8 0 0 0 0 0
fl=/build/glibc-vjB4T1/glibc-2.28/time/../sysdeps/generic/dl-hash.h
fn=gettimeofday
43 1 0 0 0 0 0 0 0 0
44 1 0 0 0 0 0 0 0 0
45 18 2 2 3 0 0 0 0 0
48 12 0 0 0 0 0 0 0 0
62 16 0 0 0 0 0 0 0 0
67 1 0 0 0 0 0 0 0 0
fn=time
44 1 0 0 0 0 0 0 0 0
45 18 0 0 3 1 1 0 0 0
48 12 0 0 0 0 0 0 0 0
62 16 1 1 0 0 0 0 0 0
67 1 0 0 0 0 0 0 0 0
fl=/build/glibc-vjB4T1/glibc-2.28/time/../sysdeps/unix/sysv/linux/x86/gettimeofday.c
fn=gettimeofday
42 17 2 2 1 0 0 4 0 0
fl=/build/glibc-vjB4T1/glibc-2.28/time/../sysdeps/unix/sysv/linux/x86/time.c
fn=time
43 18 2 2 1 0 0 4 0 0
fl=/build/glibc-vjB4T1/glibc-2.28/wcsmbs/../sysdeps/x86_64/multiarch/ifunc-avx2.h
fn=wcschr
30 8 0 0 0 0 0 0 0 0
32 6 1 1 4 0 0 0 0 0
fn=wcscmp
30 5 0 0 1 0 0 0 0 0
32 3 1 1 2 0 0 0 0 0
fn=wcslen
30 4 0 0 0 0 0 0 0 0
32 3 2 2 2 0 0 0 0 0
fn=wmemchr
30 8 0 0 0 0 0 0 0 0
32 6 2 2 4 0 0 0 0 0
fl=/build/glibc-vjB4T1/glibc-2.28/wcsmbs/../sysdeps/x86_64/multiarch/ifunc-wmemset.h
fn=wmemset
30 6 1 1 0 0 0 0 0 0
32 8 1 1 4 0 0 0 0 0
34 8 0 0 0 0 0 0 0 0
35 2 0 0 0 0 0 0 0 0
fl=/build/glibc-vjB4T1/glibc-2.28/wcsmbs/../sysdeps/x86_64/multiarch/wcschr.c
fn=wcschr
31 2 0 0 2 0 0 0 0 0
fl=/build/glibc-vjB4T1/glibc-2.28/wcsmbs/../sysdeps/x86_64/multiarch/wcslen.c
fn=wcslen
29 1 0 0 1 0 0 0 0 0
fl=/build/glibc-vjB4T1/glibc-2.28/wcsmbs/../sysdeps/x86_64/multiarch/wcsnlen.c
fn=wcsnlen
38 3 0 0 0 0 0 0 0 0
40 3 1 1 2 0 0 0 0 0
49 1 1 1 1 0 0 0 0 0
fl=/build/glibc-vjB4T1/glibc-2.28/wcsmbs/../sysdeps/x86_64/multiarch/wmemchr.c
fn=wmemchr
31 2 0 0 2 0 0 0 0 0
fl=/build/glibc-vjB4T1/glibc-2.28/wcsmbs/../sysdeps/x86_64/multiarch/wmemset.c
fn=wmemset
31 2 0 0 2 0 0 0 0 0
fl=/usr/lib/gcc/x86_64-linux-gnu/8/include/emmintrin.h
fn=__strcspn_sse42
703 24 1 1 12 1 1 0 0 0
fn=__strpbrk_sse42
703 12 1 1 6 0 0 0 0 0
fl=/usr/lib/gcc/x86_64-linux-gnu/8/include/smmintrin.h
fn=__strcspn_sse42
633 15 1 1 3 0 0 0 0 0
686 14 1 1 0 0 0 0 0 0
710 6 0 0 0 0 0 0 0 0
fn=__strpbrk_sse42
633 6 0 0 0 0 0 0 0 0
686 14 0 0 4 0 0 0 0 0
710 8 0 0 0 0 0 0 0 0
fl=/usr/lib/gcc/x86_64-linux-gnu/8/include/tmmintrin.h
fn=__strcspn_sse42
138 24 1 1 12 0 0 0 0 0
fn=__strpbrk_sse42
138 16 0 0 6 0 0 0 0 0
fl=???
fn=???
0 15502 361 358 3741 118 40 2067 23 19
summary: 282318 1385 1369 69046 3162 2364 23572 752 680
